Date	Outlet_Flow	Outlet_Flow_Maxhour	Temperature	DO	Outlet_Precipitate	pH	NH4	NH4	NO3	NO3	PO4	Fe
2016-01-01	10118	566	11.8	70		7.37	0.03		4.17			
2016-01-02	8606	414	10.9	69		7.43	0.04		3.6			
2016-01-03	8483	424	10	68		7.38	0.09		4.85			
2016-01-04	7766	440	10	66		7.37	0.09		5.7			
2016-01-05	7223	344	10.1	66		7.41	0.16		4.12			
2016-01-06	6839	329	10.4	68		7.39	0.26		3.14			
2016-01-07	6794	381	10.4	51		7.39	0.22		3.76			
2016-01-08	7092	357	10.3	65		7.38	0.24		4.3			
2016-01-09	6761	337	10.9	68		7.35	0.35		3.81			
2016-01-10	8206	531	10.9	58		7.3	0.24		4.89			
2016-01-11	6952	352	10.9	66	0	7.27	0.31	0.3	6.12	5.32	0.12	0.01
2016-01-12	10366	739	10.9	62		7.29	0.31		4.83			
2016-01-13	13152	923	10.3	62		7.13	0.94		8.78			
2016-01-14	10919	930	10.3	62		7.17	0.08		7.12			
2016-01-15	8637	500	10.3	67		7.26	0		6.23			
2016-01-16	7642	452	10.4	66		7.31	0		4.71			
2016-01-17	7291	351	10.1	65		7.34	0		5			
2016-01-18	7024	331		67								
2016-01-19	6976	418	10.1	0		7.32	0.01		6.15			
2016-01-20	6375	376	9.7	65		7.33	0		8.93			
2016-01-21	6203	297	9.5	67		7.34	0		6.72			
2016-01-22	6143	358	9.7	66		7.35	0		5.97			
2016-01-23	6907	336	9.8	67		7.36	0		5.5			
2016-01-24	10460	635	10.5	65		7.25	0		6.71			
2016-01-25	10395	642	10.4	67		7.09	0	0.02	7.75	7.26	0.06	0.02
2016-01-26	9304	418	10.5	67		7.18	0		6.26			
2016-01-27	9710	513	10.8	65		7.23	0.01		5.65			
2016-01-28	7948	446	10.4	65		6.65	0.01		4.83			
2016-01-29	10030	519	10.5	66		6.26	0		5.59			
2016-01-30	20146	1453	10.1	59		6.28	0.4		7.11			
2016-01-31	18410	1087	9.4	63		6.28	0.3		9.24			
2016-02-01	15964	883	9.7	64		6.29	0		8.47			
2016-02-02	13537	665	9.8	65		6.29	0.57		7.17			
2016-02-03	13735	892	9.8	65		6.3	0.21		7.01			
2016-02-04	11433	649	9.6	62		6.3	0.03		7			
2016-02-05	10298	546	10	67		6.3	0.15		7.03			
2016-02-06	9335	463	10.5	67		6.31	0.16		5.46			
2016-02-07	8549	431	10.5	68		6.31	0.15		4.93			
2016-02-08	16661	1006	10.3	63		6.32	0.15		7.39			
2016-02-09	18344	1223	9.8	63		7.11	0.1	0.09	7.06	6.47	0.05	0.01
2016-02-10	17893	1146	9.7	63		7.33	0.18		7.66			
2016-02-11	12374	673	10.1	65		7.29	0.05		8.3			
2016-02-12	10971	542	10.2	65		7.3	0.02		5.52			
2016-02-13	9677	554	10.1	66		7.33	0.01		4.75			
2016-02-14	8673	433	10	66		7.35	0		3.8			
2016-02-15	7904	430	9.8	67		7.32	0		4.25			
2016-02-16	7860	468	9.7	70		7.31	0		4.59			
2016-02-17	7418	341	9.6	69		7.34	0		3.96			
2016-02-18	7169	390	10	67		7.34	0		4.01			
2016-02-19	7018	398	10.1	66		7.35	0		4.04			
2016-02-20	13080	918	10	66		7.3	0.82		7.14			
2016-02-21	12021	852	10.1	63		7.25	0.06		7.92			
2016-02-22	10563	762	9.8	63		7.21	0		7.65			
2016-02-23	9050	464	9.9	0		7.31	0.01		7.18			
2016-02-24	7504	364	9.8	64		7.35	0.03	0.04	5.84	5.11	0.12	0.01
2016-02-25	7155	382	10	66		7.35	0.02		5.76			
2016-02-26	6980	380	10.1	64		7.35	0.02		6.09			
2016-02-27	6700	348	10.1	66		7.33	0.03		6.2			
2016-02-28	6471	393	10.3	63		7.31	0.01		5.46			
2016-02-29	6403	356	10.2	70		7.32	0.01		6.52			
2016-03-01	6648	310	10	67		7.33	0.01		7.85			
2016-03-02	16883	973	10	53		7.21	1.81		8.75			
2016-03-03	8328	424	9.7	59		7.21	0.47		8.31			
2016-03-04	6996	326	10	68		7.33	0.01		5.46			
2016-03-05	15517	1077	9.9	55		7.23	0.42		8.15			
2016-03-06	12690	670	9.6	62		7.15	0.07	0.07	9.32	8.57	0.12	
2016-03-07	11317	555	9.9	64		7.23	0		7.61			
2016-03-08	9489	550	9.9	66		7.22	0.01		6.24			
2016-03-09	8348	462	10	67		7.24	0		6.61			
2016-03-10	7384	343	10	68		7.27	0		5.12			
2016-03-11	7207	409	10.2	69		7.28	0		5.63			
2016-03-12	6897	356	10.1	71		7.3	0		5.31			
2016-03-13	6914	399	10.2	70		7.29	0		5.1			
2016-03-14	6737	385	10.4	70		7.26	0.01		6.75			
2016-03-15	6437	379	10.5	70		7.28	0.02		5.17			
2016-03-16	6477	330	10.5	71		7.28	0.01		6.29			
2016-03-17	6345	372	10.7	70		7.27	0.02	0.01	4.87	4.37	0.24	0.02
2016-03-18	6236	317	10.6	66		7.29	0.02		4.19			
2016-03-19	5971	305	10.6	69		7.28	0.03		4.06			
2016-03-20	5820	365	10.7	68		7.28	0.03		4.22			
2016-03-21	5840	284	10.7	69		7.28	0.03		4.07			
2016-03-22	5626	273	10.8	68		7.28	0.03		3.98			
2016-03-23	5630	339	10.8	67		7.27	0.03		5.31			
2016-03-24	5529	284	10.7	69		7.29	0.05		4.68			
2016-03-25	5393	273	10.9	68		7.29	0.06		4.49			
2016-03-26	5097	273	10.9	71		7.27	0.05		4.61			
2016-03-27	7531	544	10.9	66		7.24	0.04		6.12			
2016-03-28	5662	278	10.8	69		7.22	0.08		9.59			
2016-03-29	5309	317	10.9	69		7.23	0.05	0.02	5.93	5.26	0.16	0.01
2016-03-30	5873	352	11	68		7.24	0.04		5.63			
2016-03-31	5172	252	11	68		7.27	0.06		4.5			
2016-04-01	5092	308	11	67		7.27	0.06		3.59			
2016-04-02	5166	331	11.3	70		7.26	0.06		3.98			
2016-04-03	5138	329	11.5	68		7.26	0.06		3.81			
2016-04-04	6454	536	11.7	63		7.27	0.06		4.38			
2016-04-05	11572	1006	11.5	58		7.17	0.66		6			
2016-04-06	9940	637	11.2	64		7.05	0.12		6.5			
2016-04-07	7683	471	11.2	68		7.09	0.12		6.14			
2016-04-08	6106	314	11.3	69		7.16	0.08		2.94			
2016-04-09	5673	357	11.4	66		7.21	0.09		2.43			
2016-04-10	5688	293	11.5	72		7.25	0.09		2.57			
2016-04-11	5583	331	11.7	70		7.25	0.09	0.01	2.67	1.89	0.2	0.1
2016-04-12	9648	548	11.4	66		7.19	0.09		5.36			
2016-04-13	7121	471	11.5	67		7.14	0.24		11.2			
2016-04-14	5812	360	11.8	70		7.23	0.1		5.76			
2016-04-15	6071	492	12.1	68		7.22	0.19		2.68			
2016-04-16	5695	316	12.1	69		7.24	0.18		2.34			
2016-04-17	5209	348	11.8	69		7.23	0.15		2.86			
2016-04-18	5197	260	11.6	71		7.24	0.12		2.95			
2016-04-19	5026	300	11.7	70		7.25	0.11		2.93			
2016-04-20	4961	240	11.9	70		7.24	0.08		2.86			
2016-04-21	4943	304	11.8	73		7.24	0.08		3.17			
2016-04-22	4876	262	11.8	70		7.25	0.09		3.29			
2016-04-23	4691	271	12	71		7.26	0.09		3.22			
2016-04-24	5188	323	12	69		7.24	0.07		3.62			
2016-04-25	5079	310	11.9	72		7.27	0.1		4.73			
2016-04-26	8816	697	11.6	64		7.15	0.05		7.1			
2016-04-27	10240	822	11.3	60		7.04	0.11	0.21	8.5	7.3	0.08	0.1
2016-04-28	5635	336	11.4	68		7.03	0.02		6.79			
2016-04-29	10319	974	11.7	61		7.08	0.39		5.16			
2016-04-30	8494	577	11.4	64		6.93	0.02		6.92			
2016-05-01	5487	317	12	70		6.99	0.01		3.82			
2016-05-02	5577	290	12.6	72		7.07	0		2.64			
2016-05-03	5354	319	12.7	70		7.22	0.2		2.4			
2016-05-04	5250	281	12.8	71		7.23	0.09		2.65			
2016-05-05	4993	287	13.1	73		7.27	0.1		2.45			
2016-05-06	5050	258	13.4	76		7.29	0.08		2.44			
2016-05-07	4747	276	13.8	72		7.3	0.07		2.5			
2016-05-08	5015	264	14.1	75		7.27	0.05		2.33			
2016-05-09	4805	288	14.3	74		7.26	0.22		2.95			
2016-05-10	4977	259	14.5	75		7.25	0.24	0.2	2	1.55	0.13	0.03
2016-05-11	4740	294	14.8	74		7.29	0.19		1.46			
2016-05-12	4887	256	14.7	74		7.28	0.15		1.71			
2016-05-13	4919	349	14.6	68		7.28	0.09		1.66			
2016-05-14	4716	324	14.2	68		7.3	0.09		1.89			
2016-05-15	4284	268	13.8	67		7.32	0.07		1.26			
2016-05-16	4580	230	13.7	76		7.31	0.06		2.85			
2016-05-17	4229	277	13.4	74		7.32	0.05		5.17			
2016-05-18	4543	278	13.8	73		7.28	0.04		3.89			
2016-05-19	4432	275	14.3	71		7.27	0.04		1.82			
2016-05-20	4493	281	14.6	74		7.26	0.05		1.38			
2016-05-21	5458	462	14.8	71		7.27	0.04		1.82			
2016-05-22	5294	368	15.2	67		7.22	0.06	0.08	3.23	2.76	0.13	0.03
2016-05-23	8464	764	15	60		7.16	0.57		4.57			
2016-05-24	4588	286	14.8	68		7.14	0.11		3.18			
2016-05-25	4308	277	15.3	70		7.22	0.13		0.71			
2016-05-26	4382	277	15.3	74		7.25	0.08		0.74			
2016-05-27	4311	265	15.4	73		7.26	0.09		0.74			
2016-05-28	4256	244	15.8	75		7.27	0.08		0.76			
2016-05-29	4144	265	16.2	71		7.28	0.1		0.73			
2016-05-30	5878	530	16.6	72		7.24	0.06		1.74			
2016-05-31	4129	270	16.6	70		7.24	0.11		2.03			
2016-06-01	4281	228	17	74		7.24	0.09		0.72			
2016-06-02	4063	261	17.5	72		7.28	0.11		0.73			
2016-06-03	4244	234	17.7	75		7.28	0.1		0.73			
2016-06-04	3812	240	17.8	71		7.3	0.13		0.73			
2016-06-05	4033	211	17.9	74		7.3	0.11		0.73			
2016-06-06	3795	255	17.7	74		7.37	0.11		0.74			
2016-06-07	4324	289	17.3	77		7.33	0.07		0.8			
2016-06-08	3714	255	17.2	74		7.32	0.08	0.11	0.76	0.42	0.26	0.04
2016-06-09	3964	304	17	78		7.26	0.06		0.87			
2016-06-10	3666	234	16.8	74		7.27	0.07		0.85			
2016-06-11	3736	226	16.8	78		7.26	0.05		0.89			
2016-06-12	3590	247	16.8	75		7.29	0.05		0.87			
2016-06-13	3954	239	16.5	75		7.29	0.08		0.95			
2016-06-14	3658	247	16.2	75		7.3	0.09		0.93			
2016-06-15	4960	517	16.7	73		7.24	0.06		0.56			
2016-06-16	5028	453	17.1	70		7.22	0.06		0.79			
2016-06-17	4494	344	17.4	76		7.21	0.07		0.44			
2016-06-18	3609	226	17.4	76		7.25	0.08		0.32			
2016-06-19	3635	211	17.2	81		7.29	0.06		0.35			
2016-06-20	7508	878	17	58		7.28	0.65		1.19			
2016-06-21	6786	738	16.6	59		7.15	1.37		3.84			
2016-06-22	4798	274	16.9	73		7.1	0.06		1.23			
2016-06-23	3912	207	17.8	78		7.16	0.07	0.09	0.51	1.19	0.17	0.12
2016-06-24	3595	201	18.5	74		7.09	0.61	0.09	0.28	1.19	0.17	0.12
2016-06-25	6770	566	18.1	66		6.6	11.4		7.63			
2016-06-26	3888	209	17.7	73		6.51	16.37		5.38			
2016-06-27	3915	246	17.5	58		6.8	8.78		12.29			
2016-06-28	3669	204	17.4	60		6.98	1.63		19.02			
2016-06-29	4866	405	17.5	70		7.05	0.09		14.87			
2016-06-30	5479	410	17.4	63		7.16	0.15		12.81			
2016-07-01	6385	558	17.3	60		7.12	0.18		10.5			
2016-07-02	6524	562	17.3	66		7.11	0.19		7.19			
2016-07-03	4943	372	17.3	72		7.08	0.03		5.4			
2016-07-04	3914	210	17.4	74		7.12	0.09		4.47			
2016-07-05	13727	1095	17.1	62		7.07	1.33		6.13			
2016-07-06	5348	330	16.9	68		6.95	0.47		5.85			
2016-07-07	4256	292	17.1	66		7.01	0.09		2.34			
2016-07-08	6528	645	17.5	70		7.13	0.02		2.86			
2016-07-09	4459	275	17.4	74		7.15	0.03		2.91			
2016-07-10	5772	347	17.7	74		7.11	0.01		2.17			
2016-07-11	4837	345	17.8	74		7.14	0.03		3.27			
2016-07-12	4187	290	17.9	75		7.15	0.02		1.53			
2016-07-13	3540	310	17.9	70		7.18	0.04		1.19			
2016-07-14	4646	334	17.6	76		7.22	0.01		1.69			
2016-07-15	3483	230	17.4	74		7.27	0.07		2.09			
2016-07-16	3572	219	17.2	79		7.27	0.02		1.17			
2016-07-17	3543	233	17.4	74		7.28	0.03	0.08	1.17	1.14	0.1	0.02
2016-07-18	3490	202	17.4	79		7.27	0.02	0.08	1.69	1.14	0.1	0.02
2016-07-19	3396	227	17.8	75		7.26	0.03		1.34			
2016-07-20	3539	214	18.3	80		7.27	0.03		1.28			
2016-07-21	3477	266	18.6	77		7.31	0.05		0.96			
2016-07-22	3320	185	19	79		7.29	0.05		0.9			
2016-07-23	3027	206	19.1	76		7.28	0.07		0.78			
2016-07-24	3250	200	19.2	79		7.31	0.05		0.91			
2016-07-25	3670	307	19.5	75		7.32	0.05		1.04			
2016-07-26	3209	200	19.3	81		7.36	0.05		1.86			
2016-07-27	3013	208	19.1	81		7.4	0.06		1.01			
2016-07-28	3390	218	18.8	79		7.37	0.02		1.65			
2016-07-29	6935	686	18.7	76		7.3	0.02		2.45			
2016-07-30	6169	343	18.4	71		7.16	0.01		3.34			
2016-07-31	3683	232	18.1	78		7.18	0.02		1.24			
2016-08-01	5238	340	18.2	77		7.18	0.01		1.13			
2016-08-02	3768	240	18.3	75		7.21	0.02		1.66			
2016-08-03	6033	547	18.1	78		7.22	0.01		1.4			
2016-08-04	4608	333	18.1	79		7.18	0.01		2.73			
2016-08-05	3913	248	18.3	77		7.17	0.02		2			
2016-08-06	3777	264	18.3	80		7.23	0.02		1.29			
2016-08-07	3705	214	18.1	83		7.24	0.01		2.05			
2016-08-08	3993	249	18.3	80		7.27	0.01		1.68			
2016-08-09	3805	213	18	80		7.31	0.02		1.36			
2016-08-10	3745	260	17.5	76		7.33	0.02		1.39			
2016-08-11	3674	221	17.3	82		7.33	0.02		1.42			
2016-08-12	3441	242	17.6	80		7.31	0.02		1.11			
2016-08-13	3513	204	18	82		7.32	0.02		1.15			
2016-08-14	3942	262	17.9	73		7.33	0.02		1.03			
2016-08-15	3544	213	17.9	81		7.32	0.01		1.05			
2016-08-16	3395	234	18.1	78		7.32	0.02	0.05	0.88	0.72	0.13	0.03
2016-08-17	3552	203	18.3	80		7.31	0.01		0.97			
2016-08-18	3395	236	18.5	75		7.33	0.01		0.91			
2016-08-19	3459	177	18.5	80		7.33	0.01		0.98			
2016-08-20	3166	210	18.5	79		7.34	0.01		0.92			
2016-08-21	3424	187	18.6	81		7.33	0.01		0.99			
2016-08-22	5253	505	18.6	72		7.29	0.02		1.17			
2016-08-23	4263	265	18.3	67		7.25	3.01		1.98			
2016-08-24	3406	241	18.7	69		7.22	0.38		1.46			
2016-08-25	3454	171	19.3	76		7.24	0.01		0.96			
2016-08-26	3220	217	19.7	75		7.27	0.01		0.93			
2016-08-27	3601	303	19.5	77		7.3	0.01		1.24			
2016-08-28	6412	397	18.9	69		7.22	0.01		1.56			
2016-08-29	3644	260	18.4	77		7.15	0.01		2.52			
2016-08-30	3176	231	18.3	73		7.18	0.01		1.29			
2016-08-31	3367	210	18.5	78		7.2	0.01		1.37			
2016-09-01	3265	232	18.6	73		7.23	0.01		1.38			
2016-09-02	3383	201	18.4	77		7.27	0.01		1.46			
2016-09-03	3529	214	18.4	72		7.28	0.01		1.46			
2016-09-04	15942	1354	17.8	58		7.02	1.65		6.41			
2016-09-05	5012	399	17.7	64		6.86	0.01		2.41			
2016-09-06	3532	209	18.1	76		6.92	0.01		0.77			
2016-09-07	3390	252	18.7	64		7.03	0	0.11	0.74	0.49	0.2	0.03
2016-09-08	3448	184	19.1	76		7.15	0.01		0.92			
2016-09-09	3269	223	19.3	69		7.21	0.01		0.91			
2016-09-10	3260	182	19.2	77		7.25	0.01		1.04			
2016-09-11	3230	241	19.2	72		7.27	0.01		1.03			
2016-09-12	3386	195	19.1	81		7.28	0.01		1.4			
2016-09-13	3297	232	19.5	80		7.29	0.01		1.3			
2016-09-14	3358	192	19.7	85		7.3	0.01		1.81			
2016-09-15	3195	237	19.6	83		7.3	0.01	0.07	1.34	1.05	0.16	0.03
2016-09-16	3283	170	19.3	84		7.33	0.01		1.34			
2016-09-17	3057	189	19.2	82		7.34	0.01		1.16			
2016-09-18	3141	173	18.7	84		7.34	0.01		1.22			
2016-09-19	3019	224	18.3	85		7.35	0.01		1.42			
2016-09-20	3343	200	18	84		7.32	0.01		1.5			
2016-09-21	3441	263	18.2	83		7.31	0.01		1.43			
2016-09-22	3233	193	18	85		7.31	0.01		1.21			
2016-09-23	3142	190	18.1	84		7.31	0.01		1.22			
2016-09-24	3178	172	17.9	83		7.31	0.01		1.31			
2016-09-25	3076	229	18	83		7.33	0.01	0.04	1.16	1.02	0.17	0.02
2016-09-26	5200	394	18.1	79		7.26	0.01		1.54			
2016-09-27	3522	235	17.8	81		7.23	0.01		1.72			
2016-09-28	3076	173	17.9	80		7.22	0.01		1.3			
2016-09-29	5301	497	18	77		7.21	0.01		1.92			
2016-09-30	3732	223	17.5	73		7.2	0.01		3.34			
2016-10-01	3252	205	17.3	80		7.21	0.01		1.32			
2016-10-02	5118	341	17.4	78		7.18	0.01		1.46			
2016-10-03	9392	960	17	67		7.01	0.01		5.03			
2016-10-04	3598	257	16.2	85		6.94	0.01		3.69			
2016-10-05	3964	277	15.9	76		7.11	0.01		1.45			
2016-10-06	2454	247	15.8	80		7.23	0.01		2.23			
2016-10-07	3004	189	15.5	83		7.27	0.01		2.6			
2016-10-08	3163	173	15.6	83		7.3	0.01		2.08			
2016-10-09	3957	275	15.8	80		7.29	0.01		2.43			
2016-10-10	5318	345	16	72		7.23	0.02	0.13	3.27	2.85	0.12	0.04
2016-10-11	3213	213	15.7	77		7.24	0.12		3.94			
2016-10-12	3643	194	15.4	81		7.25	0.02		2.29			
2016-10-13	3541	217	15.4	80		7.28	0.02		1.98			
2016-10-14	3195	208	15.3	82		7.31	0.02		1.88			
2016-10-15	3360	269	15.1	81		7.34	0.02		2			
2016-10-16	3130	172	15.4	82		7.33	0.02		2.11			
2016-10-17	2928	206	15.4	81		7.33	0.02		1.78			
2016-10-18	3614	207	15.7	81		7.31	0.02		1.9			
2016-10-19	13459	1001	15.6	67		7.06	0.01		6.38			
2016-10-20	7634	719	15.2	73		6.9	0.02		5.9			
2016-10-21	11097	941	15	68		6.9	0.02		4.69			
2016-10-22	5000	256	14.7	79		6.96	0.02		4.32			
2016-10-23	9807	840	14.9	69		7.02	0.02		3.84			
2016-10-24	6952	658	14.3	79		6.92	0.02		6.56			
2016-10-25	4145	260	14.4	77		7	0.02	0.01	1.63	1.7	0.09	0.01
2016-10-26	4441	230	14.8	82		7.11	0.02		1.6			
2016-10-27	4201	266	15.2	78		7.19	0.03		1.78			
2016-10-28	4411	273	15.5	72		7.24	0.03		2.06			
2016-10-29	4246	256	15	70		7.25	0.03		2.17			
2016-10-30	3983	229	14.8	81		7.27	0.03		1.93			
2016-10-31	3755	233	15.2	79		7.25	0.03		2.18			
2016-11-01	3970	239	15.3	77		7.27	0.01		1.82			
2016-11-02	4799	326	14.5	68		7.29	0		2.32			
2016-11-03	3992	242	13.9	75		7.26	0		2.84			
2016-11-04	6467	528	14.3	69		7.21	0.25		3.35			
2016-11-05	8164	763	14.5	66		7.1	0.01		3.66			
2016-11-06	5069	271	13.9	69		7.05	0.01	0.1	3.96	3.52	0.12	0.03
2016-11-07	6365	345	13.4	72		7.05	0.18		4.3			
2016-11-08	4731	299	13.4	72		7.14	0.31		7.07			
2016-11-09	6363	469	13.4	72		7.16	0.12		5.49			
2016-11-10	4226	272	12.9	75		7.19	0.13		4.5			
2016-11-11	4425	256	13	79		7.18	0.01		3.02		0.22	
2016-11-12	4019	258	12.6	77		7.19	0.01		3.21			
2016-11-13	4128	231	12.7	80		7.19	0		3.51		0.32	
2016-11-14	6494	551	12.6	71		7.15	0.01		4.77			
2016-11-15	5639	331	13	69		7.06	0		7.07			
2016-11-16	4591	278	12.9	71		7.07	0.03		4.73			
2016-11-17	8619	754	13.2	65		7.41	0.27		4.24		0.3	
2016-11-18	10311	810	12.9	66		7.28	0.06		7.19			
2016-11-19	9743	718	12.3	68		7.13	0.04		9.9			
2016-11-20	7975	638	12.3	71		7.28	0.03		5.26			
2016-11-21	5927	338	12.8	74		7.29	0.03		5.23		0.23	
2016-11-22	4839	278	13.1	75		7.38	0.05		1.86			
2016-11-23	4868	290	13.4	77		7.46	0.11		2.13			
2016-11-24	4781	284	13	70		7.51	0.04	0.03	1.77	1.76	0.48	0.05
2016-11-25	4615	282	12.8	77		7.51	0.03		2.2			
2016-11-26	4422	266	12.7	69		7.52	0.04		2.57			
2016-11-27	5764	305	12.4	68		7.52	0.02		3.43		0.33	
2016-11-28	4707	323	11.8	70		7.52	0.04		4.65			
2016-11-29	4453	264	11.8	78		7.52	0.03		3.74			
2016-11-30	4992	286	12.1	70		7.52	0.05		3.19			
2016-12-01	5159	306	12.5	68		7.53	0.06		3.14			
2016-12-02	4733	311	12	69		7.49	0.07		2.32			
2016-12-03	4147	222	11.4	77		7.51	0.1		2.7			
2016-12-04	4098	239	11.7	75		7.51	0.1		3.38			
2016-12-05	4246	282	12.1	74		7.48	0.08		3.1			
2016-12-06	4027	200	12.1	0		7.52	0.06		2.3			
2016-12-07	6634	558	12.4	71		7.47	0.06	0.05	4.39	4.52	0.35	0.08
2016-12-08	4597	362	12.9	66		7.43	0.15		6.25			
2016-12-09	4688	343	13	67		7.45	0.15		2.41			
2016-12-10	5266	317	13	65		7.47	0.1		1.87			
2016-12-11	6400	345	12.8	63		7.4	0.05		1.85			
2016-12-12	4452	218	12.3	69		7.4	0.09		2.07			
2016-12-13	4436	277	12.2	70		7.41	0.07		1.64			
2016-12-14	4439	278	12.3	68		7.45	0.04		2.6			
2016-12-15	4252	214		0								
2016-12-16	4292	244	11.6	70		7.52	0.04		3.33			
2016-12-17	4388	267	11.7	68		7.5	0.02		3.24			
2016-12-18	4437	227	12	72		7.49	0.03		3.21			
2016-12-19	4098	249	12.2	72		7.51	0.05		2.49			
2016-12-20	4194	265	12.1	67		7.54	0.04		2.35			
2016-12-21	4118	206	11.6	79		7.55	0.04		2.85			
2016-12-22	4515	323	11.7	76		7.54	0.05		3.36		0.4	
2016-12-23	6306	355	11.8	74		7.46	0.07		4.36			
2016-12-24	7080	350	11.7	66		7.43	0.1		3.99			
2016-12-25	5376	296	11.8	66		7.38	0.16		2.98			
2016-12-26	5528	328	11.8	67		7.44	0.09		2.66			
2016-12-27	5919	342	11	66		7.46	0.06		3.08			
2016-12-28	4321	254	11	77		7.47	0.11		2.91			
2016-12-29	4342	272	11.3	80		7.48	0.06		2.87			
2016-12-30	4229	217	11.2	67		7.49	0.07		3.15			
2016-12-31	4411	259	11.7	76		7.48	0.13		3.66			
2017-01-01	7478	607	12.1	64		7.42	0.12		4.26			
2017-01-02	4560	248	11.3	70		7.35	0.43		6.66			
2017-01-03	5406	347	11.1	61		7.40	0.18		3.86			
2017-01-04	6185	339	10.7	56		7.46	0.18		5.57			
2017-01-05	4467	222	9.7	68		7.49	0.14		5.04			
2017-01-06	4152	256	9.2	75		7.53	0.11		6.21			
2017-01-07	4462	235	9.8	71		7.49	0.06		6.41			
2017-01-08	4230	233	10.5	71		7.50	0.13		6.42			
2017-01-09	4243	258	10.9	70		7.50	0.17		5.98			
2017-01-10	4279	268	10.9	76		7.50	0.09	0.09	5.09	4.89	0.49	0.07
2017-01-11	11439	920	10.9	64		7.35	1.34		7.86			
2017-01-12	6553	358	10.4	64		7.22	1.19		11.55			
2017-01-13	4783	303	10.1	71		7.31	0.08		5.82			
2017-01-14	5195	312	10.2	66		7.45	0.05		4.81			
2017-01-15	4519	261	10.1	69		7.46	0.08		6.00			
2017-01-16	4437	276	9.9	70		7.45	0.04		6.03			
2017-01-17	4326	219	9.9	76		7.45	0.05		5.26			
2017-01-18	4284	251	10.3	73		7.45	0.06		5.57			
2017-01-19	4376	220	10.7	69		7.45	0.38		4.89			
2017-01-20	4279	216	10.9	75		7.46	0.07		4.97			
2017-01-21	4164	250	11.0	76		7.46	0.10		4.80			
2017-01-22	4288	251	11.3	77		7.45	0.06	0.07	4.53	4.46	0.45	
2017-01-23	4197	211	10.9	76		7.46	0.07		5.29			
2017-01-24	4069	513	10.8	52		7.45	0.09		5.01			
2017-01-25	4191	267	10.7	70		7.47	0.03		5.33		0.15	0.14
2017-01-26	4083	254	10.4	74		7.53	0.06		5.21		0.19	0.16
2017-01-27	4021	241	10.1	79		7.59	0.03		5.42			
2017-01-28	4158	253	10.0	80		7.60	0.02		5.10			
2017-01-29	4345	258	10.0	78		7.62	0.04		5.43			
2017-01-30	4552	267	10.4	73		7.58	0.04		6.29			
2017-01-31	4005	256	10.4	78		7.57	0.03		4.58		0.20	0.11
2017-02-01	3915	199	10.2	71		7.62	0.03		3.99			
2017-02-02	3873	246	10.0	70		7.64	0.03		4.78			
2017-02-03	4011	260	10.0	73		7.64	0.03		4.78			
2017-02-04	4047	242	10.1	73		7.64	0.03		4.63			
2017-02-05	4462	331	10.3	73		7.63	0.03		4.60			
2017-02-06	4168	264	10.2	72		7.58	0.03	0.01	6.05	5.57	0.14	0.13
2017-02-07	3805	202	9.4	80		7.60	0.03		3.15			
2017-02-08	3831	234	9.0	77		7.60	0.03		4.97			
2017-02-09	3908	220	9.1	83		7.60	0.03		5.73			
2017-02-10	3799	193	9.1	81		7.61	0.03		5.15			
2017-02-11	3761	227		80								
2017-02-12	3679	231	9.1	84		7.62	0.03		4.85			
2017-02-13	3684	207	9.1	82		7.63	0.03		4.74			
2017-02-14	3803	225	9.3	80		7.44	0.03		4.79			
2017-02-15	3614	493	9.4	69		7.48	0.07		5.21		0.05	0.11
2017-02-16	3931	271	9.8	73		7.46	0.05		4.63			
2017-02-17	3681	192	10.3	77		7.44	0.06		4.99			
2017-02-18	3601	310	10.5	76		7.46	0.06		3.71			
2017-02-19	4065	236	10.4	79		7.45	0.06		2.64			
2017-02-20	3903	208	10.6	77		7.43	0.06		4.25			
2017-02-21	4687	347	10.6	65		7.43	0.05		4.80			
2017-02-22	10840	843	10.4	65		7.24	0.14		9.01			
2017-02-23	12646	1113	9.9	63		7.14	1.80		10.96			
2017-02-24	9610	548	9.3	63		6.98	0.63		11.01			
2017-02-25	9072	733	9.7	69		7.15	0.06		9.21			
2017-02-26	9534	472	10.2	66		7.08	0.06		10.91			
2017-02-27	6606	355	10.6	72		7.15	0.04		10.12			
2017-02-28	8815	686	10.4	72		7.23	0.03		4.35			
2017-03-01	6426	357	10.2	72		7.19	0.03		8.71			
2017-03-02	5173	264	10.2	76		7.23	0.03		5.25			
2017-03-03	4862	274	10.4	72		7.27	0.04		4.16			
2017-03-04	5235	339	10.6	74		7.29	0.03		4.50			
2017-03-05	6906	457	10.6	76		7.27	0.03	0.01	5.75	5.04	0.06	0.09
2017-03-06	5182	288	10.3	68		7.20	0.04		11.85			
2017-03-07	4844	305	9.9	78		7.25	0.03		7.00			
2017-03-08	5041	271	10.0	81		7.30	0.03		5.81			
2017-03-09	4639	270	10.5	72		7.28	0.04		6.06			
2017-03-10	4556	300	10.7	81		7.29	0.03		4.76			
2017-03-11	4398	236	10.8	82		7.32	0.03		4.49			
2017-03-12	4369	259	10.5	81		7.34	0.04		5.67			
2017-03-13	4530	317	10.4	84		7.30	0.03		6.95			
2017-03-14	4355	220	10.8	82		7.27	0.04		6.22			
2017-03-15	4219	251	10.8	74		7.30	0.04		4.76			
2017-03-16	4369	271	11.1	80		7.27	0.04		4.88			
2017-03-17	6864	636	11.1	67		7.27	0.04		5.96			
2017-03-18	10843	796	10.6	66		7.06	0.18		11.43			
2017-03-19	8758	660	10.1	70		7.01	0.04		13.22			
2017-03-20	12246	1170	10.7	64		6.97	0.50		11.02			
2017-03-21	11785	575	10.5	65		6.91	1.17		10.40			
2017-03-22	6640	361	10.6	71		7.01	1.31		13.87			
2017-03-23	5279	297	10.7	72		7.10	0.08		8.77			
2017-03-24	5070	249	10.8	80		7.19	0.04		5.78			
2017-03-25	4812	316	11.2	73		7.23	0.04		5.59			
2017-03-26	4968	291	11.5	83		7.24	0.04		5.00			
2017-03-27	4855	244	11.8	79		7.25	0.04		5.95			
2017-03-28	4809	255	11.8	80		7.26	0.04		5.51			
2017-03-29	4865	253	11.6	81		7.27	0.04		5.70			
2017-03-30	5160	278	11.7	79		7.26	0.04		6.03			
2017-03-31	6552	349	12.3	72		7.19	0.06		6.56			
2017-04-01	6935	345	12.5	70		7.16	0.13		11.61			
2017-04-02	6876	343	12.5	73		7.18	0.15		12.64			
2017-04-03	4891	325	12.3	77		7.21	0.09	0.07	13.84	13.00	0.06	0.06
2017-04-04	4616	273	12.3	77		7.26	0.06		5.80			
2017-04-05	4645	235	12.2	72		7.31	0.05		4.54			
2017-04-06	4351	258	11.8	80		7.35	0.05		3.96			
2017-04-07	4439	287	12.2	77		7.36	0.04		3.62			
2017-04-08	4222	225	12.4	80		7.35	0.05		2.84			
2017-04-09	4142	217	12.6	78		7.33	0.06		3.46			
2017-04-10	4233	272	12.6	78		7.34	0.03		2.51			
2017-04-11	4523	243	12.0	71		7.35	0.01		3.51			
2017-04-12	4695	253	12.2	78		7.33	0.01		3.97			
2017-04-13	3891	272	12.1	75		7.33	0.02		4.23			
2017-04-14	7943	696	12.0	71		7.28	0.01		5.78			
2017-04-15	13900	872	11.5	64		7.02	1.53		11.39			
2017-04-16	8137	466	11.3	71		6.92	0.46		10.00			
2017-04-17	5264	305	11.6	76		7.05	0.01		15.36			
2017-04-18	4034	218	11.4	79		7.10	0.03		13.83			
2017-04-19	4155	260	11.7	79		7.22	0.01		12.18			
2017-04-20	4187	425	11.8	77		7.38	0.05	0.08	15.78	15.50	0.05	
2017-04-21	4674	267	12.1	74		7.36	0.99		18.66			
2017-04-22	4327	251	11.9	75		7.41	0.01		12.18			
2017-04-23	4291	222	11.8	79		7.50	0.00		6.92			
2017-04-24	4266	232	11.9	81		7.53	0.00		5.27			
2017-04-25	4554	285	11.7	74		7.55	0.00		4.07			
2017-04-26	4167	244	11.7	82		7.56	0.00		4.04			
2017-04-27	4260	207	11.9	82		7.57	0.00		2.13			
2017-04-28	7588	504	12.3	79		7.50	0.00		5.75			
2017-04-29	4708	285	12.3	79		7.42	0.00		11.43			
2017-04-30	3838	209	12.6	82		7.49	0.01		2.97			
2017-05-01	4022	203	12.7	84		7.54	0.00		1.57			
2017-05-02	3903	209	12.8	84		7.55	0.00		1.69			
2017-05-03	3824	203	13.0	84		7.56	0.00	0.02	1.61	1.80	0.04	0.07
2017-05-04	3774	255	13.1	80		7.57	0.00		1.66			
2017-05-05	3747	191	13.0	82		7.58	0.00		1.89			
2017-05-06	3696	198	13.4	83		7.55	0.00		2.40			
2017-05-07	3807	257	14.0	83		7.53	0.00		2.07			
2017-05-08	3836	205	13.9	74		7.57	0.01		2.57			
2017-05-09	3867	206	13.3	86		7.60	0.01		2.10			
2017-05-10	7498	636	12.9	82		7.55	0.01		4.13			
2017-05-11	4915	286	12.9	81		7.44	0.02		7.11			
2017-05-12	3804	210	13.2	80		7.46	0.04		2.96			
2017-05-13	4648	349	13.6	81		7.50	0.02		1.46			
2017-05-14	5063	335	14.1	84		7.49	0.01		2.39			
2017-05-15	4275	268	14.5	81		7.45	0.03		2.80			
2017-05-16	8615	709	14.2	81		7.46	0.01		2.94			
2017-05-17	5350	345	14.3	77		7.31	0.01		7.73			
2017-05-18	4316	250	15.4	76		7.37	0.07		1.93			
2017-05-19	4155	257	15.6	74		7.45	0.05		1.11			
2017-05-20	3779	204	15.3	81		7.53	0.08		1.22			
2017-05-21	3776	202	15.3	81		7.54	0.07		1.31			
2017-05-22	3773	245	15.4	81		7.53	0.06	0.08	1.52	1.30	0.09	0.08
2017-05-23	4392	335	15.6	78		7.51	0.05		1.55			
2017-05-24	3728	188	15.3	79		7.54	0.09		2.12			
2017-05-25	3690	240	15.5	81		7.52	0.05		1.46			
2017-05-26	3522	196	16.1	79		7.51	0.07		1.38			
2017-05-27	3549	180	16.6	82		7.50	0.06		1.37			
2017-05-28	3589	232	16.9	81		7.50	0.04		1.49			
2017-05-29	3591	186	16.4	80		7.53	0.06		1.89			
2017-05-30	3651	186	16.2	71		7.48	0.26		1.46			
2017-05-31	3576	226	15.9	81		7.55	0.02		1.72			
2017-06-01	3597	181	15.8	83		7.56	0.02		1.68			
2017-06-02	3539	182	16.0	80		7.56	0.02		1.46			
2017-06-03	3311	210	16.2	83		7.57	0.03		1.42			
2017-06-04	3218	200	16.4	80		7.57	0.03		1.38			
2017-06-05	3507	185	16.3	82		7.55	0.02		1.51			
2017-06-06	3510	213	16.6	82		7.56	0.01		1.69			
2017-06-07	9909	775	15.8	69		7.44	0.24		5.09			
2017-06-08	4939	275	15.3	75		7.24	0.39	0.44	9.86	9.24	1.34	0.09
2017-06-09	6136	346	16.1	75		7.20	0.02		2.73			
2017-06-10	4118	264	16.5	77		7.27	0.04		2.83			
2017-06-11	4603	342	17.2	75		7.30	0.03		1.46			
2017-06-12	5145	313	16.9	75		7.32	0.01		1.65			
2017-06-13	3529	218	16.4	80		7.39	0.02		1.49			
2017-06-14	3471	182	16.5	81		7.38	0.02		1.21			
2017-06-15	3482	228	17.1	80		7.38	0.02		1.12			
2017-06-16	3414	226	17.2	81		7.44	0.02		1.14			
2017-06-17	3276	179	17.3	81		7.43	0.02		1.36			
2017-06-18	3458	213	18.0	80		7.44	0.01		1.19			
2017-06-19	3449	189	18.5	77		7.39	0.01		1.37			
2017-06-20	3427	226	18.5	78		7.45	0.01		1.08			
2017-06-21	3320	236	17.6	82		7.47	0.01		1.33			
2017-06-22	3345	173	17.5	79		7.22	0.01		1.32			
2017-06-23	3310	181	17.6	75		7.24	0.01		1.17			
2017-06-24	3942	342	17.4	76		7.23	0.00		1.36			
2017-06-25	3177	170	17.2	80		7.25	0.01		2.11			
2017-06-26	3296	184	17.0	74		7.25	0.01		1.24			
2017-06-27	3235	224	16.9	79		7.24	0.00		1.23			
2017-06-28	3381	220	17.1	73		7.24	0.06		1.25			
2017-06-29	5304	344	17.0	72		7.20	0.04		1.44			
2017-06-30	9913	777	16.6	66		7.04	0.03		5.11			
2017-07-01	4120	258	16.9	74		6.92	0.09		6.89			
2017-07-02	3075	162	17.4	78		7.00	0.11		0.98			
2017-07-03	7409	762	17.2	69		7.02	0.03		1.98			
2017-07-04	3776	220	16.7	73		7.02	0.05	0.07	4.92	4.65	0.12	0.03
2017-07-05	3180	213	17.3	67		7.02	0.08		0.97			
2017-07-06	3096	190	17.7	77		7.09	0.07		0.73			
2017-07-07	3072	157	17.9	82		7.17	0.09		0.76			
2017-07-08	2914	156	18.1	81		7.23	0.09		0.80			
2017-07-09	2941	184	18.0	78		7.25	0.08		0.94			
2017-07-10	2948	150	17.9	82		7.28	0.08		1.02			
2017-07-11	3359	245	17.8	78		7.26	0.06		1.16			
2017-07-12	2916	180	17.6	82		7.30	0.07		1.44			
2017-07-13	2863	145	17.3	82		7.31	0.07		0.99			
2017-07-14	2875	148	17.3	83		7.31	0.07		0.91			
2017-07-15	2721	178	17.7	83		7.28	0.07		0.93			
2017-07-16	3359	235	17.8	82		7.29	0.06		0.99			
2017-07-17	2899	146	17.7	78		7.28	0.08		1.52			
2017-07-18	2799	173	17.6	82		7.26	0.06		1.10			
2017-07-19	2734	141	17.9	83		7.27	0.07		1.03			
2017-07-20	3064	223	18.1	83		7.29	0.06		1.00			
2017-07-21	2813	145	18.3	83		7.27	0.06		1.09			
2017-07-22	3170	252	18.3	81		7.30	0.06		0.93			
2017-07-23	9616	952	17.7	67		7.10	0.03		4.01			
2017-07-24	3032	187	17.6	79		7.12	0.06		5.93			
2017-07-25	6302	578	17.8	70		7.07	0.02		1.63			
2017-07-26	3329	196	17.9	80		7.12	0.08		5.10			
2017-07-27	3245	230	18.3	80		7.18	0.06		1.42			
2017-07-28	2824	151	18.1	82		7.24	0.06		1.26			
2017-07-29	4402	349	18.1	78		7.26	0.02		1.26			
2017-07-30	8398	795	18.2	69		7.17	0.01		5.14			
2017-07-31	5123	349	18.0	78		7.03	0.01		6.86			
2017-08-01	3020	154	18.3	79		7.09	0.06		3.23			
2017-08-02	3015	195	18.5	81		7.15	0.02		2.49			
2017-08-03	13288	1054	18.1	64		7.05	0.77		9.03			
2017-08-04	9702	664	17.9	69		6.79	0.07		8.19			
2017-08-05	4396	281	18.0	76		6.92	0.00		6.11			
2017-08-06	3429	182	18.2	81		7.08	0.02		1.54			
2017-08-07	3358	169	18.3	83		7.16	0.01		1.58			
2017-08-08	4640	344	18.4	78		7.23	0.00		1.75			
2017-08-09	4335	296	18.4	80		7.23	0.00		2.53			
2017-08-10	3328	169	18.5	83		7.25	0.00		1.64			
2017-08-11	3293	173	18.4	82		7.28	0.00		1.31			
2017-08-12	4251	341	18.2	78		7.29	0.00		1.46			
2017-08-13	3332	178	18.0	79		7.32	0.00		3.10			
2017-08-14	3249	180	17.9	84		7.32	0.02		1.79			
2017-08-15	6210	726	18.5	69		7.25	0.01		1.90			
2017-08-16	5150	297	18.6	78		7.18	0.01		4.50			
2017-08-17	5114	607	18.6	73		7.15	0.01		2.77			
2017-08-18	8328	947	18.5	65		7.08	0.01		2.08			
2017-08-19	6076	493	18.1	75		6.96	0.03		4.49			
2017-08-20	4318	330	18.0	76		6.99	0.01		1.31			
2017-08-21	3514	178	17.9	78		7.10	0.05		1.41			
2017-08-22	3418	176	17.9	80		7.15	0.03		1.28			
2017-08-23	3400	218	18.2	81		7.19	0.01	0.13	1.21	1.12	0.18	0.02
2017-08-24	3359	181	18.2	83		7.25	0.01		1.21			
2017-08-25	3313	169	18.2	81		7.28	0.00		1.27			
2017-08-26	3245	210	18.4	80		7.28	0.00		1.25			
2017-08-27	3473	204	18.6	79		7.30	0.00		1.19			
2017-08-28	3113	171	18.6	81		7.30	0.00		1.83			
2017-08-29	3288	198	18.8	79		7.29	0.00		1.58			
2017-08-30	6359	420	18.7	69		7.26	0.00		1.79			
2017-08-31	4445	292	18.1	70		7.22	0.00		2.03			
2017-09-01	3382	234	17.8	75		7.19	0.00		1.16			
2017-09-02	3184	182	17.9	77		7.22	0.00		1.07			
2017-09-03	3235	175	17.8	80		7.26	0.00		1.03			
2017-09-04	3289	175	17.8	76		7.28	0.00	0.05	1.17	1.13	0.19	0.04
2017-09-05	3409	246	18.0	81		7.27	0.00		1.16			
2017-09-06	9571	779	18.1	67		7.17	0.10		5.69			
2017-09-07	4162	288	17.6	74		7.05	0.08		7.00			
2017-09-08	5501	359	17.7	76		7.07	0.12		2.38			
2017-09-09	6111	623	17.7	67		7.11	0.17		1.94			
2017-09-10	3984	259	17.5	67		7.09	0.15		1.71			
2017-09-11	4264	333	17.6	75		7.09	0.04		1.68			
2017-09-12	3529	300	17.6	72		7.14	0.03		1.88			
2017-09-13	14975	1113	17.1	63		6.98	0.75		7.39			
2017-09-14	10175	788	16.5	64		6.78	0.06		6.63			
2017-09-15	8210	760	16.7	67		6.89	0.01		2.60			
2017-09-16	7262	354	16.8	69		6.95	0.09		3.70			
2017-09-17	6434	338	17.0	72		7.03	0.19		4.69			
2017-09-18	4616	306	17.0	75		7.11	0.09		4.94			
2017-09-19	3838	234	17.1	73		7.19	0.00		2.07			
2017-09-20	4918	350	17.3	78		7.22	0.00		1.45			
2017-09-21	3786	196	17.3	80		7.23	0.00		1.55			
2017-09-22	3560	460	17.2	71		7.20	0.00		1.44			
2017-09-23	3482	196	17.1	82		7.22	0.00		1.41			
2017-09-24	3476	195	17.5	82		7.23	0.00		1.43			
2017-09-25	3693	228	17.5	82		7.24	0.00		1.68			
2017-09-26	3493	188	17.5	85		7.26	0.00		1.58			
2017-09-27	3511	189	17.6	83		7.28	0.00		1.54			
2017-09-28	4980	342	17.3	81		7.26	0.00		2.23			
2017-09-29	3604	183	17.1	81		7.26	0.00		3.02			
2017-09-30	3355	185	16.9	80		7.26	0.01		1.74			
2017-10-01	3431	229	17.0	79		7.24	0.00		1.52			
2017-10-02	10442	1049	16.8	66		7.16	0.37		5.66			
2017-10-03	6327	443	16.2	68		6.97	0.79		3.56			
2017-10-04	9407	880	15.9	65		6.98	0.30		4.54			
2017-10-05	10310	898	15.6	64		6.89	0.15	0.14	7.24	7.10	0.11	0.05
2017-10-06	5096	329	15.4	68		6.93	0.31		4.60			
2017-10-07	7654	665	15.7	68		7.02	0.04		1.93			
2017-10-08	5897	342	15.6	70		7.02	0.02		3.05			
2017-10-09	4110	209	15.2	75		7.08	0.05		1.79			
2017-10-10	5363	351	15.6	74		7.11	0.03		1.88			
2017-10-11	5680	344	16.1	74		7.11	0.13		2.95			
2017-10-12	10940	786	16.0	64		7.07	1.44		4.63			
2017-10-13	5429	331	15.8	67		6.97	0.31		6.52			
2017-10-14	4342	238	16.3	67		7.02	0.25		1.53			
2017-10-15	4248	232	16.7	67		7.12	0.14		1.29			
2017-10-16	4210	278	16.8	69		7.14	0.04		1.40			
2017-10-17	3856	198	16.7	78		7.19	0.03		1.37			
2017-10-18	6279	642	16.3	67		7.19	0.01		1.92			
2017-10-19	4848	281	16.2	79		7.14	0.01		2.30			
2017-10-20	5364	352	16.0	75		7.12	0.03		1.95			
2017-10-21	4604	245	16.1	75		7.13	0.02		2.01			
2017-10-22	7746	973	16.1	63		7.10	0.01		1.76			
2017-10-23	9004	646	15.4	67		6.91	0.00		6.33			
2017-10-24	8236	638	15.5	67		7.11	0.11		5.31			
2017-10-25	8788	661	15.9	64		7.19	0.06		5.66			
2017-10-26	5560	294		67								
2017-10-27	5042	259	15.4	65		7.36	0.02		1.70			
2017-10-28	5387	305	15.2	68		7.41	0.00		1.70			
2017-10-29	9872	750	14.6	65		7.35	0.00		4.21			
2017-10-30	6447	369	13.7	68		7.27	0.00		4.23			
2017-10-31	5214	320	13.9	76		7.34	0.00		2.12			
2017-11-01	5062	244	14.8	70		7.36	0.00		1.53			
2017-11-02	4798	263	15.2	71		7.40	0.00		1.04			
2017-11-03	4336	302	15.1	74		7.43	0.00		0.93			
2017-11-04	4181	220	15.1	79		7.46	0.00		0.94			
2017-11-05	4295	224	15.2	75		7.48	0.00	0.01	1.08	1.20	0.14	0.03
2017-11-06	4134	264	14.8	79		7.49	0.00		1.11			
2017-11-07	4192	213	14.2	83		7.51	0.00		1.78			
2017-11-08	4181	221	14.1	80		7.50	0.02		2.82			
2017-11-09	240	221		83								
