Date	RAS_Flow_ET1	RAS_Flow_ET2	RAS_Flow_SUM	RAS_Percent	LT2_TS	WAS_Flow	WAS_TS	WAS_Mass
2016-01-01	2028	2041	4068	36	4.17	97	1.63	1572
2016-01-02	2028	2040	4064	46	4.21	93	1.52	1415
2016-01-03	2028	2041	4066	46	4.38	85	1.46	1234
2016-01-04	2027	2039	4065	46	4.32	85	1.48	1256
2016-01-05	2029	2040	4064	53	4.61	85	1.32	1116
2016-01-06	2027	2040	4065	55	4.67	85	1.26	1064
2016-01-07	2028	2041	4065	49	4.58	85	1.34	1133
2016-01-08	2028	2040	4065	51	4.67	85	1.31	1106
2016-01-09	2027	2040	4065	54	4.74	85	1.27	1072
2016-01-10	2027	2040	4065	42	4.34	85	1.42	1203
2016-01-11	2027	2039	4064	54	4.65	85	1.5	1273
2016-01-12	2028	2072	4096	38	4.54	108	1.45	1576
2016-01-13	2067	2107	4172	29	3.54	109	1.83	1987
2016-01-14	2035	2061	4093	36	3.81	109	1.79	1943
2016-01-15	2028	2040	4066	44	4.24	109	1.78	1932
2016-01-16	2027	2040	4065	46	4.43	109	1.63	1769
2016-01-17	2029	2039	4065	53	4.49	109	1.49	1622
2016-01-18	2030	2041	4068	55	4.52	131	1.44	1892
2016-01-19	2121	1130	3250	40	4.21	132	1.47	1938
2016-01-20	2046	1591	3634	46	3.99	99	1.71	1692
2016-01-21	2028	2040	4065	61	4.53	97	1.36	1315
2016-01-22	2025	2040	4062	53	4.5	97	1.32	1278
2016-01-23	2029	2040	4065	54	4.69	97	1.23	1186
2016-01-24	2028	2041	4065	37	4.2	97	1.46	1410
2016-01-25	2028	2040	4067	36	3.72	97	1.71	1649
2016-01-26	2028	2039	4065	42	4.7	97	1.85	1787
2016-01-27	2027	2040	4064	41	4.62	108	1.85	1995
2016-01-28	2028	2040	4065	45	4.67	109	1.72	1866
2016-01-29	2027	2039	4064	39	4.54	109	1.74	1893
2016-01-30	2370	2314	4682	23	3.37	109	1.91	2075
2016-01-31	2028	2040	4066	21	2.91	109	2.06	2241
2016-02-01	2025	2076	4098	26	3.73	109	1.95	2119
2016-02-02	2028	2040	4065	28	3.77	109	1.98	2158
2016-02-03	2027	2093	4117	28	3.94	109	1.96	2129
2016-02-04	2027	2040	4064	34	3.93	113	1.89	2129
2016-02-05	2027	2040	4064	36	3.86	85	1.96	1665
2016-02-06	2028	2040	4064	42	3.76	77	1.86	1427
2016-02-07	2027	2039	4066	46	3.85	72	1.76	1272
2016-02-08	2651	2570	5218	28	3.17	72	2.1	1518
2016-02-09	2622	2422	5041	27	3.31	72	2.03	1470
2016-02-10	2545	2460	5003	26	3.32	64	2.04	1314
2016-02-11	2234	2247	4481	34	5.3	126	1.64	2061
2016-02-12	2385	2400	4782	42	6.55	115	1.8	2062
2016-02-13	2386	2400	4786	44	7.87	109	1.79	1944
2016-02-14	2383	2399	4779	52	9.54	125	1.56	1947
2016-02-15	2382	2400	4780	51	5.79	134	1.3	1750
2016-02-16	2384	2400	4782	51	4.67	115	1.38	1585
2016-02-17	2381	2400	4781	60	4.95	116	1.35	1565
2016-02-18	2383	2399	4780	57	4.85	115	1.35	1551
2016-02-19	2200	2214	4412	52	4.79	111	1.45	1611
2016-02-20	2431	2388	4818	36	4.22	105	1.68	1760
2016-02-21	2429	2357	4782	37	4.33	96	1.89	1805
2016-02-22	2264	2167	4431	41	3.9	91	1.9	1727
2016-02-23	2147	2160	4304	47	4.51	118	1.85	2190
2016-02-24	2148	2160	4306	54	4.69	121	1.67	2022
2016-02-25	2149	2160	4305	53	4.62	121	1.62	1956
2016-02-26	2147	2160	4306	59	4.74	121	1.51	1825
2016-02-27	2147	2161	4305	61	4.76	121	1.46	1757
2016-02-28	2148	2160	4306	55	4.54	140	1.45	2028
2016-02-29	2148	2159	4306	55	4.43	124	1.37	1700
2016-03-01	2147	2160	4305	59	4.6	97	1.3	1258
2016-03-02	2701	2564	5263	29	3.4	97	1.58	1529
2016-03-03	2148	2160	4306	51	4.18	97	1.65	1597
2016-03-04	2148	2159	4305	59	4.68	97	1.48	1426
2016-03-05	2612	2462	5072	31	3.79	97	1.62	1564
2016-03-06	2149	2159	4307	33	3.31	97	1.8	1737
2016-03-07	2193	2160	4350	39	4.26	116	1.82	2120
2016-03-08	2156	2160	4314	41	4.43	120	1.84	2216
2016-03-09	1963	1977	3937	46	4.32	116	1.94	2247
2016-03-10	1906	1921	3823	50	4.46	120	1.81	2182
2016-03-11	1906	1920	3823	46	4.28	98	1.92	1873
2016-03-12	1907	1920	3824	52	4.47	97	1.78	1716
2016-03-13	1905	1920	3822	52	4.71	97	1.72	1666
2016-03-14	1907	1919	3824	47	4.46	96	1.73	1668
2016-03-15	1906	1920	3824	49	4.55	106	1.58	1665
2016-03-16	1907	1920	3824	55	4.77	19	1.52	290
2016-03-17	1906	1921	3824	50	4.69	1		1
2016-03-18	1907	1920	3823	57	4.98	41	1.54	639
2016-03-19	1906	1919	3822	58	4.99	131	1.44	1893
2016-03-20	1906	1920	3822	53	4.84	132	1.4	1859
2016-03-21	1907	1920	3825	61	4.8	131	1.42	1853
2016-03-22	1908	1921	3825	62	4.76	132	1.4	1851
2016-03-23	1907	1920	3823	55	4.57	129	1.43	1838
2016-03-24	1907	1920	3824	63	4.73	121	1.33	1607
2016-03-25	1907	1920	3822	64	4.81	121	1.3	1565
2016-03-26	1825	1840	3663	57	4.33	116	1.34	1546
2016-03-27	1911	1921	3825	48	4.12	121	1.38	1669
2016-03-28	1905	1921	3822	63	4.42	121	1.38	1659
2016-03-29	1907	1920	3824	58	4.38	121	1.29	1559
2016-03-30	2380	2397	4778	71	4.56	101	1.12	1130
2016-03-31	2388	2399	4789	84	4.78	105	1.08	1137
2016-04-01	2383	2400	4781	69	4.6	102	1.09	1108
2016-04-02	2383	2399	4780	64	4.42	99	1.14	1123
2016-04-03	2382	2399	4781	75	4.55	99	1.11	1091
2016-04-04	2384	2400	4782	69	4.64	119	1.12	1330
2016-04-05	2614	2617	5230	42	4.2	107	1.33	1418
2016-04-06	2625	2524	5146	47	3.96	103	1.49	1537
2016-04-07	2603	2522	5125	49	4.16	108	1.5	1624
2016-04-08	2383	2400	4781	59	4.51	134	1.4	1887
2016-04-09	2399	2401	4799	56	4.39	137	1.36	1861
2016-04-10	2383	2400	4781	62	4.49	141	1.28	1809
2016-04-11	1867	1882	3746	53	4.43	131	1.42	1857
2016-04-12	1984	2149	4131	41	4.15	131	1.45	1908
2016-04-13	1680	1756	3435	41	4.09	85	2.04	1737
2016-04-14	1666	1680	3344	52	4.78	118	1.54	1823
2016-04-15	1697	1767	3463	47	4.36	121	1.66	2000
2016-04-16	1667	1684	3351	54	4.65	121	1.52	1837
2016-04-17	1737	1755	3490	53	4.5	121	1.45	1754
2016-04-18	1790	1800	3587	63	4.63	121	1.37	1650
2016-04-19	1788	1799	3584	56	4.41	121	1.51	1822
2016-04-20	1789	1801	3588	65	4.57	121	1.41	1705
2016-04-21	1796	1800	3592	57	4.34	121	1.46	1756
2016-04-22	1796	1799	3593	66	4.49	116	1.38	1596
2016-04-23	1811	1800	3608	61	4.41	109	1.38	1495
2016-04-24	1797	1800	3595	60	4.24	109	1.46	1588
2016-04-25	1785	1799	3581	56	4.39	109	1.37	1490
2016-04-26	2024	1928	3949	42	3.76	109	1.53	1664
2016-04-27	2141	2019	4156	37	3.71	109	1.58	1720
2016-04-28	1784	1799	3581	58	4.22	109	1.15	1252
2016-04-29	2181	2181	4359	39	4.13	109	0.87	947
2016-04-30	1967	1839	3803	44	3.61	109	1	1084
2016-05-01	1784	1800	3580	55	4.32	98	0.94	920
2016-05-02	1838	1800	3636	58	4.26	97	1	964
2016-05-03	1806	1799	3603	53	4.29	97	0.98	949
2016-05-04	1786	1800	3583	59	4.28	97	1.01	971
2016-05-05	1786	1800	3582	57	4.39	98	0.91	891
2016-05-06	1786	1800	3583	61	4.28	97	0.95	918
2016-05-07	1791	1800	3587	59	4.35	97	0.89	862
2016-05-08	1788	1800	3586	62	4.2	97	0.92	888
2016-05-09	1785	1800	3581	56	4.26	97	0.87	840
2016-05-10	1784	1801	3581	63	4.33	97	0.85	822
2016-05-11	1785	1801	3583	59	4.53	97	0.85	819
2016-05-12	1784	1800	3581	63	4.33	97	0.89	862
2016-05-13	1784	1800	3580	58	4.6	96	0.86	821
2016-05-14	1785	1799	3582	67	4.6	97	0.89	859
2016-05-15	1785	1800	3580	64	4.76	97	0.84	810
2016-05-16	1827	1801	3626	67	4.66	97	0.85	823
2016-05-17	1809	1803	3610	64	4.53	97	0.83	800
2016-05-18	1796	1800	3592	67	4.36	97	0.86	835
2016-05-19	1806	1800	3603	60	4.39	97	0.86	826
2016-05-20	1803	1800	3602	66	4.31	80	0.91	728
2016-05-21	1810	1812	3619	54	3.72	73	0.8	581
2016-05-22	1805	1806	3609	60	3.23	73	0.81	591
2016-05-23	2089	369	2457	31	2.78	73	1.08	783
2016-05-24	1787	1721	3505	59	3.88	73	1.01	733
2016-05-25	1785	1800	3581	66	4.6	73	0.93	678
2016-05-26	1785	1800	3582	70	4.58	63	0.96	607
2016-05-27	1902	1838	3739	69	4.74	90	0.92	828
2016-05-28	1933	1801	3732	73	4.61	97	0.98	947
2016-05-29	1926	1799	3724	69	4.74	97	0.89	862
2016-05-30	1891	1900	3788	57	4.24	97	1.06	1021
2016-05-31	1785	1800	3581	68	4.85	97	0.96	923
2016-06-01	1785	1799	3582	73	4.72	97	0.99	959
2016-06-02	1785	1800	3581	68	4.86	97	0.92	892
2016-06-03	1784	1800	3581	73	4.7	97	0.98	946
2016-06-04	1785	1799	3581	71	4.87	97	0.91	880
2016-06-05	1786	1800	3582	75	4.67	97	0.95	916
2016-06-06	1981	1799	3780	75	4.77	97	0.87	845
2016-06-07	1932	1801	3730	74	4.66	97	1	962
2016-06-08	1938	1799	3736	75	4.82	97	0.89	862
2016-06-09	1913	1800	3711	80	4.61	116	0.92	1066
2016-06-10	1919	1800	3718	77	4.71	120	0.88	1060
2016-06-11	1937	1800	3736	82	4.56	121	0.89	1074
2016-06-12	1946	1799	3744	78	4.64	121	0.83	1000
2016-06-13	1791	1801	3588	75	4.41	121	0.86	1045
2016-06-14	1785	1800	3582	74	4.6	121	0.79	959
2016-06-15	1784	1800	3579	63	4.29	140	0.87	1222
2016-06-16	1786	1800	3582	59	4.27	145	0.91	1317
2016-06-17	1785	1798	3581	68	4.35	145	0.89	1292
2016-06-18	1785	1800	3582	75	4.5	145	0.82	1180
2016-06-19	1785	1800	3581	77	4.34	145	0.79	1147
2016-06-20	1925	1800	3723	48	4.06	145	0.81	1166
2016-06-21	1895	1800	3693	54	3.38	145	1.04	1506
2016-06-22	1929	1799	3729	64	3.88	145	0.82	1179
2016-06-23	1938	1801	3738	82	4.07	145	0.77	1119
2016-06-24	1919	1801	3718	88	5.82	145	0.9	1300
2016-06-25	1887	1800	3687	49	6.26	145	1.22	1763
2016-06-26	1888	1802	3688	93	6.94	145	1.29	1864
2016-06-27	1790	1803	3590	72	6.71	145	1.06	1536
2016-06-28	1787	1801	3582	81	6.39	145	0.92	1332
2016-06-29	1785	1806	3589	67	6.08	109	1.03	1127
2016-06-30	1786	1803	3585	53	5.85	166	1.06	1767
2016-07-01	1786	1800	3582	50	5.43	169	1.12	1887
2016-07-02	1803	1801	3600	53	4.8	169	1.04	1759
2016-07-03	1796	1802	3596	59	4.97	169	0.91	1537
2016-07-04	1920	1801	3719	81	4.89	168	0.82	1376
2016-07-05	1727	1706	3431	24	3.66	137	1.15	1578
2016-07-06	1668	1684	3351	59	4.06	127	1.09	1388
2016-07-07	1666	1680	3344	61	4.56	164	0.9	1473
2016-07-08	1666	1680	3345	48	4.17	169	0.95	1604
2016-07-09	1665	1680	3345	59	3.94	169	0.83	1406
2016-07-10	1666	1679	3344	51	3.7	169	0.84	1418
2016-07-11	1887	1681	3565	59	3.73	169	0.76	1286
2016-07-12	1893	1683	3574	71	3.52	169	0.73	1234
2016-07-13	1888	1683	3566	75	3.42	169	0.62	1052
2016-07-14	1874	1679	3550	68	3.34	168	0.68	1145
2016-07-15	1895	1796	3690	80	3.19	145	0.61	889
2016-07-16	1911	1921	3827	87	2.93	145	0.59	856
2016-07-17	1926	1921	3843	82	2.77	134	0.57	763
2016-07-18	1907	1921	3825	90	3.02	104	0.52	546
2016-07-19	1907	1923	3827	83	2.94	97	0.51	496
2016-07-20	1907	1920	3824	88	3	97	0.53	510
2016-07-21	1907	1920	3824	83	3.18	97	0.54	521
2016-07-22	1906	1920	3823	96	3.3	97	0.5	486
2016-07-23	1907	1919	3823	90	3.49	97	0.51	493
2016-07-24	1906	1920	3824	93	3.65	97	0.51	495
2016-07-25	1996	1921	3915	81	3.86	97	0.61	594
2016-07-26	1977	1919	3893	96	4.11	113	0.59	667
2016-07-27	1968	1920	3885	91	4.29	121	0.57	687
2016-07-28	1971	1920	3886	94	4.41	121	0.57	683
2016-07-29	1951	1920	3867	49	4.31	121	0.8	961
2016-07-30	1931	1922	3850	56	4.6	121	0.88	1057
2016-07-31	1921	1920	3837	79	5.03	121	0.72	875
2016-08-01	1905	1922	3824	64	5.23	121	0.73	881
2016-08-02	1905	1920	3823	76	5.56	143	0.64	912
2016-08-03	1907	1921	3823	58	5.67	145	0.69	1003
2016-08-04	1906	1920	3824	67	6.02	145	0.68	987
2016-08-05	1906	1920	3824	82	3.73	104	0.63	658
2016-08-06	1907	1920	3824	78	3.68	97	0.65	629
2016-08-07	1906	1921	3824	85	3.7	97	0.63	610
2016-08-08	2011	1919	3928	77	3.73	97	0.71	691
2016-08-09	2000	1920	3917	84	3.8	97	0.69	666
2016-08-10	1944	1921	3862	77	3.88	97	0.71	687
2016-08-11	1946	1918	3861	85	3.93	97	0.72	694
2016-08-12	1938	1920	3854	82	3.93	108	0.7	755
2016-08-13	1943	1921	3858	88	3.97	109	0.7	763
2016-08-14	1940	1920	3857	74	3.97	120	0.74	890
2016-08-15	1906	1921	3824	86	3.99	121	0.67	804
2016-08-16	1907	1921	3825	82	4.01	121	0.64	777
2016-08-17	1906	1921	3824	87	3.98	121	0.63	757
2016-08-18	1907	1920	3823	83	4	121	0.82	995
2016-08-19	1907	1920	3824	91	4.04	121	0.86	1043
2016-08-20	1906	1920	3824	86	4.04	121	0.87	1048
2016-08-21	1907	1918	3822	90	3.97	121	0.87	1048
2016-08-22	1940	1922	3859	59	3.77	121	1.02	1225
2016-08-23	1932	1921	3848	81	3.74	121	1.09	1318
2016-08-24	1969	1922	3889	87	4.07	32	0.86	274
2016-08-25	1911	1920	3828	96	4.19	120	1.03	1228
2016-08-26	1925	1919	3841	87	4.36	121	0.99	1198
2016-08-27	1950	1921	3867	88	4.26	121	0.98	1180
2016-08-28	1925	1924	3845	52	3.71	121	1.15	1392
2016-08-29	1906	1925	3827	89	4.06	121	0.95	1152
2016-08-30	1906	1920	3824	87	4.21	121	0.88	1066
2016-08-31	1906	1923	3824	90	4.21	121	0.89	1074
2016-09-01	1907	1920	3825	85	4.21	121	0.89	1079
2016-09-02	1907	1919	3823	93	4.25	121	0.87	1052
2016-09-03	1906	1921	3823	80	4.24	121	0.9	1090
2016-09-04	1991	1927	3916	27	2.91	121	1.39	1677
2016-09-05	1966	1921	3883	66	3.36	121	1.15	1393
2016-09-06	1924	1920	3842	94	3.87	121	1.09	1313
2016-09-07	1932	1922	3850	87	4.02	121	1.05	1270
2016-09-08	1922	1920	3837	96	4.05	121	1.02	1226
2016-09-09	1922	1920	3838	87	4.03	121	1	1206
2016-09-10	1923	1920	3841	103	3.99	121	0.95	1145
2016-09-11	1928	1919	3843	87	3.91	121	0.96	1159
2016-09-12	1905	1921	3823	94	3.86	120	0.87	1041
2016-09-13	1906	1920	3822	86	3.88	121	0.85	1029
2016-09-14	1907	1920	3824	96	3.88	121	0.82	996
2016-09-15	1905	1920	3823	87	3.93	121	0.85	1030
2016-09-16	1908	1919	3824	99	3.95	121	0.82	993
2016-09-17	1907	1921	3825	91	3.95	121	0.84	1011
2016-09-18	1907	1920	3823	103	3.92	121	0.81	980
2016-09-19	1985	1922	3905	90	3.89	121	0.91	1093
2016-09-20	1962	1920	3879	94	3.89	121	0.91	1094
2016-09-21	1947	1921	3864	82	3.95	121	0.96	1159
2016-09-22	1947	1920	3863	98	3.96	121	0.9	1090
2016-09-23	1947	1920	3864	81	3.92	121	0.96	1154
2016-09-24	1964	1921	3879	100	3.92	121	0.88	1064
2016-09-25	1958	1919	3876	90	3.9	121	0.9	1085
2016-09-26	1906	1920	3823	66	3.59	121	0.96	1155
2016-09-27	1906	1920	3823	82	3.8	121	0.9	1087
2016-09-28	1907	1920	3824	104	3.9	121	0.82	990
2016-09-29	1906	1920	3822	60	3.7	121	0.99	1199
2016-09-30	1905	1920	3823	92	3.82	121	0.9	1080
2016-10-01	1907	1922	3826	87	3.95	121	0.89	1075
2016-10-02	1906	1921	3825	67	3.87	121	1.03	1242
2016-10-03	1918	1922	3837	38	3.13	121	1.37	1651
2016-10-04	1910	1920	3826	92	3.68	121	1	1205
2016-10-05	2005	1833	3836	105	3.8	121	1.1	1327
2016-10-06	2056	1538	3592	81	3.69	121	0.95	1149
2016-10-07	1949	1919	3865	93	3.87	121	0.93	1120
2016-10-08	1931	1921	3849	100	3.86	108	0.9	968
2016-10-09	1943	1921	3859	75	3.84	97	1.01	980
2016-10-10	1908	1920	3825	65	3.81	97	1.05	1016
2016-10-11	1906	1922	3824	89	4.04	97	0.91	882
2016-10-12	1907	1920	3825	88	4.16	97	0.93	900
2016-10-13	1907	1922	3825	81	4.19	97	0.96	929
2016-10-14	1907	1920	3824	97	4.22	97	0.91	879
2016-10-15	1906	1925	3827	84	4.27	97	0.95	922
2016-10-16	1907	1923	3827	100	4.28	97	0.92	885
2016-10-17	1973	1920	3888	93	4.24	97	0.97	942
2016-10-18	1954	1919	3871	88	4.2	97	0.99	956
2016-10-19	1938	1922	3857	27	3	97	1.6	1543
2016-10-20	1937	1921	3853	50	3.57	97	1.36	1314
2016-10-21	1941	1920	3859	33	3.12	54	1.77	962
2016-10-22	1930	1920	3848	72	4.07	80	1.25	994
2016-10-23	1909	1921	3827	35	3.69	96	1.51	1456
2016-10-24	3235	3249	6481	92	3.75	114	0.89	1015
2016-10-25	3106	3119	6223	120	4.54	115	1.07	1232
2016-10-26	3053	3019	6069	119	4.66	140	1.08	1512
2016-10-27	2952	2882	5832	107	4.71	145	1.09	1579
2016-10-28	2975	2881	5853	111	4.8	145	1.07	1550
2016-10-29	3103	3001	6102	110	4.81	151	1.05	1580
2016-10-30	2980	2880	5860	121	4.81	145	1.02	1477
2016-10-31	2967	2881	5845	117	4.75	145	1.01	1464
2016-11-01	3015	2882	5896	123	4.72	144	0.99	1433
2016-11-02	3011	2881	5889	98	4.72	145	1.04	1513
2016-11-03	2609	2559	5166	108	4.66	145	0.95	1383
2016-11-04	3506	3523	7027	94	4.42	154	1.01	1553
2016-11-05	3585	3599	7184	83	4.29	137	1.03	1406
2016-11-06	3588	3600	7185	118	4.59	139	0.99	1369
2016-11-07	922	2528	3448	53	4.4	159	0.28	445
2016-11-08	2388	2399	4786	79	4.77	122	1.05	1280
2016-11-09	2384	2399	4781	68	4.63	177	1.13	2008
2016-11-10	2414	2399	4812	90	4.72	174	0.94	1634
2016-11-11	2325	2338	4660	89	4.66	178	1.04	1843
2016-11-12	2027	2039	4064	78	4.56	181	1.06	1921
2016-11-13	2027	2041	4065	83	4.41	180	1.02	1835
2016-11-14	2027	2040	4064	51	4.05	171	1.07	1833
2016-11-15	2028	2040	4065	68	3.84	169	0.93	1573
2016-11-16	2028	2040	4064	71	4.13	169	0.94	1585
2016-11-17	2026	2041	4066	44	3.78	128	1.11	1419
2016-11-18	2026	2038	4063	36	3.59	119	1.27	1518
2016-11-19	2029	2040	4066	42	3.52	121	1.24	1491
2016-11-20	2029	2040	4065	45	4.08	121	1.31	1575
2016-11-21	2028	2039	4065	64	4.27	121	1.29	1557
2016-11-22	2027	2041	4066	69	4.37	121	1.14	1372
2016-11-23	2027	2039	4064	71	4.4	132	1.11	1467
2016-11-24	2027	2039	4064	68	4.39	133	1.11	1467
2016-11-25	2027	2040	4065	74	4.32	132	1.05	1386
2016-11-26	2028	2040	4066	73	4.27	125	1.02	1278
2016-11-27	2027	2040	4066	62	4.14	113	1.11	1257
2016-11-28	2027	2041	4065	71	4.23	101	0.97	977
2016-11-29	2028	2040	4065	78	4.3	97	0.93	904
2016-11-30	2028	2040	4064	75	4.39	105	0.95	1003
2016-12-01	2028	2040	4065	66	4.39	109	1.01	1099
2016-12-02	2027	2039	4066	73	4.37	109	0.98	1061
2016-12-03	2028	2040	4064	88	4.48	109	0.89	970
2016-12-04	2027	2040	4065	78	4.44	109	0.92	999
2016-12-05	2035	2039	4071	79	4.41	87	1	869
2016-12-06	2028	2039	4064	90	4.31	109	0.77	835
2016-12-07	930	2040	2970	45	3.67	67	0.29	195
2016-12-08	1706	1237	2941	57	4.3	70	1.68	1186
2016-12-09	2044	1519	3560	51	4.52	109	1.33	1451
2016-12-10	2028	2040	4066	66	4.72	114	1.22	1393
2016-12-11	2026	2041	4063	58	4.53	121	1.28	1540
2016-12-12	2026	2039	4064	85	4.66	121	1.06	1284
2016-12-13	2027	2040	4064	76	4.57	121	1.04	1253
2016-12-14	2029	2040	4066	78	4.5	121	1.02	1237
2016-12-15	-793	2040	4064	87	4.51	121	0.71	852
2016-12-16	2027	2040	4064	78	4.45	121	0.99	1190
2016-12-17	2027	2040	4065	79	4.4	121	0.99	1195
2016-12-18	2028	2040	4066	84	4.44	121	0.97	1163
2016-12-19	2030	2039	4066	80	4.3	121	1.04	1250
2016-12-20	2028	2040	4065	81	4.43	121	1.03	1237
2016-12-21	2027	2040	4066	90	4.5	121	0.96	1153
2016-12-22	2026	2040	4064	74	4.48	121	1.01	1220
2016-12-23	2029	2040	4065	58	4.51	121	1.22	1473
2016-12-24	2028	2040	4066	56	4.51	121	1.28	1539
2016-12-25	2027	2040	4065	66	4.49	121	1.2	1451
2016-12-26	2026	2041	4064	65	4.48	121	1.09	1314
2016-12-27	2028	2040	4065	67	4.42	121	1.04	1260
2016-12-28	2028	2040	4064	79	4.45	121	0.95	1147
2016-12-29	2027	2040	4064	79	4.4	121	0.95	1152
2016-12-30	2027	2040	4064	87	4.4	121	0.89	1075
2016-12-31	2028	2040	4065	74	4.37	121	0.93	1123
2017-01-01	2027	2040	4066	50	4.13	121	1.12	1357
2017-01-02	2030	2040	4066	83	4.42	121	1.02	1235
2017-01-03	2027	2040	4065	64	4.31	121	1.10	1326
2017-01-04	2027	2040	4064	59	4.10	121	1.15	1391
2017-01-05	2027	2040	4064	84	4.32	121	0.98	1181
2017-01-06	2027	2039	4065	80	4.34	121	0.98	1179
2017-01-07	2027	2039	4064	80	4.38	114	0.98	1119
2017-01-08	2028	2040	4066	88	4.31	109	0.92	999
2017-01-09	2026	2042	4061	79	4.95	109	0.92	1002
2017-01-10	2028	2041	4064	80	6.04	109	0.92	999
2017-01-11	2027	2040	4066	36	4.79	109	1.23	1336
2017-01-12	2028	2040	4066	56	6.11	109	1.17	1268
2017-01-13	2027	2040	4065	75	4.95	100	1.03	1032
2017-01-14	2028	2040	4064	74	4.49	97	1.01	979
2017-01-15	2028	2040	4065	75	4.51	97	1.00	966
2017-01-16	2028	2039	4067	78	4.49	97	1.08	1039
2017-01-17	2027	2040	4065	85	4.56	97	1.01	979
2017-01-18	2027	2040	4065	77	4.58	97	1.05	1014
2017-01-19	2027	2040	4063	84	4.55	97	1.02	987
2017-01-20	2028	2040	4065	87	4.59	97	0.99	957
2017-01-21	2027	2041	4067	79	4.59	97	1.02	981
2017-01-22	2026	2039	4064	80	4.52	97	1.03	1000
2017-01-23	2026	2041	4063	89	4.60	97	0.94	910
2017-01-24	2027	2039	4064	80	4.62	97	0.97	934
2017-01-25	2029	2040	4065	82	4.66	97	0.99	955
2017-01-26	2026	2040	4066	72	4.59	97	1.03	1001
2017-01-27	2027	2039	4062	81	4.63	97	0.98	952
2017-01-28	2028	2040	4065	82	4.66	97	1.00	966
2017-01-29	2027	2040	4063	86	4.76	97	0.97	943
2017-01-30	2028	2040	4066	74	4.77	105	1.01	1065
2017-01-31	2027	2039	4064	84	4.76	106	8.04	8539
2017-02-01	2030	2039	4067	93	4.88	106	3.41	3628
2017-02-02	2026	2040	4063	83	4.86	105	0.77	813
2017-02-03	2027	2040	4064	84	4.82	106	0.80	850
2017-02-04	2026	2039	4064	90	4.96	107	0.76	817
2017-02-05	2027	2039	4064	74	4.81	108	0.78	847
2017-02-06	2026	2042	4065	82	4.73	108	0.77	833
2017-02-07	2027	2040	4064	95	4.84	108	0.67	722
2017-02-08	2027	2039	4064	83	4.85	109	0.70	765
2017-02-09	2027	2040	4065	89	4.86	109	0.71	773
2017-02-10	2029	2040	4065	95	4.92	118	0.68	800
2017-02-11	2028	2039	4065	84	4.88	121	0.70	842
2017-02-12	2026	2040	4064	88	4.79	121	0.69	838
2017-02-13	2029	2039	4064	97	4.76	121	0.71	862
2017-02-14	2027	2041	4066	86	4.75	121	0.74	892
2017-02-15	2025	2038	4063	95	4.78	121	0.73	884
2017-02-16	2027	2037	4063	85	4.82	121	0.76	918
2017-02-17	2026	2039	4063	88	4.88	121	0.75	905
2017-02-18	2028	2040	4065	100	4.83	121	0.71	859
2017-02-19	2027	2041	4066	90	4.76	121	0.72	873
2017-02-20	2025	2040	4063	84	4.78	121	0.70	844
2017-02-21	2028	2039	4064	80	4.79	119	0.72	856
2017-02-22	2028	2041	4067	38	4.24	121	1.15	1388
2017-02-23	2028	2039	4063	31	4.04	123	1.13	1397
2017-02-24	2026	2041	4065	43	4.17	127	1.25	1588
2017-02-25	2028	2038	4064	42	4.44	128	1.04	1336
2017-02-26	2028	2040	4065	41	4.32	130	1.19	1544
2017-02-27	2028	2040	4065	61	4.78	200	0.13	266
2017-02-28	2028	2040	4064	43	4.43	65		1
2017-03-01	2026	2040	4065	60	4.92	124	1.02	1263
2017-03-02	2029	2039	4065	73	5.13	145	0.89	1283
2017-03-03	2027	2040	4065	68	5.05	145	0.87	1266
2017-03-04	2029	2040	4065	67	4.93	145	0.90	1306
2017-03-05	2027	2040	4064	57	4.49	151	0.89	1343
2017-03-06	2028	2039	4066	67	4.76	148	0.93	1381
2017-03-07	2030	2039	4066	73	4.74	88	0.10	92
2017-03-08	2027	2041	4066	74	5.03	102	0.92	930
2017-03-09	2028	2039	4064	70	5.00	145	0.89	1287
2017-03-10	2025	2040	4063	75	4.84	145	0.89	1285
2017-03-11	2025	2040	4064	82	4.82	145	0.79	1148
2017-03-12	2027	2039	4064	74	4.69	145	0.80	1158
2017-03-13	2026	2041	4064	65	4.46	145	0.80	1162
2017-03-14	2028	2039	4064	86	4.72	145	0.72	1047
2017-03-15	2028	2040	4065	76	4.74	145	0.74	1069
2017-03-16	2026	2040	4064	77	4.71	144	0.75	1077
2017-03-17	2028	2039	4064	55	4.71	145	0.81	1175
2017-03-18	2027	2041	4066	36	3.45	145	1.00	1445
2017-03-19	2028	2040	4063	44	4.16	145	0.95	1377
2017-03-20	2029	2039	4066	33	3.63	145	1.08	1562
2017-03-21	2026	2038	4064	33	2.87	143	1.11	1591
2017-03-22	1915	1923	3835	55	3.88	145	0.94	1360
2017-03-23	1907	1919	3823	62	4.38	145	0.96	1385
2017-03-24	1906	1920	3822	67	4.47	145	0.89	1289
2017-03-25	1827	1839	3664	53	4.34	139	0.98	1354
2017-03-26	1906	1922	3826	62	4.30	136	0.90	1227
2017-03-27	1906	1921	3822	68	4.38	121	0.77	929
2017-03-28	1989	2002	3988	67	4.32	121	0.73	887
2017-03-29	2027	2040	4064	74	4.41	141	0.74	1048
2017-03-30	2029	2039	4065	72	4.44	145	0.72	1046
2017-03-31	2027	2041	4065	54	4.35	145	0.84	1214
2017-04-01	2028	2039	4066	56	4.39	145	0.84	1222
2017-04-02	2028	2040	4065	55	4.29	145	0.84	1213
2017-04-03	2029	2040	4065	73	4.37	162	0.80	1297
2017-04-04	1927	1926	3849	67	4.32	96	0.85	824
2017-04-05	1918	1921	3836	72	4.49	73	0.89	644
2017-04-06	1909	1919	3826	70	4.52	73	0.92	671
2017-04-07	1915	1920	3832	71	4.57	73	0.95	688
2017-04-08	1910	1921	3827	81	4.70	73	0.87	635
2017-04-09	1909	1920	3825	82	4.72	73	0.86	629
2017-04-10	1905	1921	3823	72	4.70	130	0.82	1063
2017-04-11	1907	1920	3823	76	4.82	146	0.77	1122
2017-04-12	1906	1920	3824	72	4.79	213	0.77	1647
2017-04-13	1945	1958	3899	76	4.61	283	0.68	1930
2017-04-14	1916	1930	3842	46	3.89	337	0.77	2601
2017-04-15	1908	1920	3825	28	2.80	337	0.85	2848
2017-04-16	1905	1919	3822	43	3.28	337	0.76	2574
2017-04-17	1909	1919	3826	66	3.29	336	0.63	2112
2017-04-18	1910	1861	3768	80	3.13	328	0.46	1501
2017-04-19	1342	1263	2603	49	2.52	0		0
2017-04-20	1134	874	2008	38	2.47	0		0
2017-04-21	2007	1921	3926	78	4.04	0		0
2017-04-22	1975	1921	3893	81	4.62	0		0
2017-04-23	1988	1920	3905	83	4.88	0		0
2017-04-24	1908	1920	3827	81	5.11	0		0
2017-04-25	1908	1921	3824	65	5.09	1		1
2017-04-26	1905	1921	3823	82	5.55	94	0.91	850
2017-04-27	1907	1919	3825	80	5.54	121	0.87	1048
2017-04-28	1906	1921	3823	45	4.79	121	1.05	1270
2017-04-29	1908	1919	3825	74	5.40	143	0.96	1376
2017-04-30	1907	1921	3825	82	5.60	145	0.86	1248
2017-05-01	1720	1919	3636	75	5.20	145	1.09	1582
2017-05-02	1906	1922	3824	85	5.26	142	0.90	1273
2017-05-03	1908	1919	3825	85	5.22	160	0.87	1402
2017-05-04	1905	1920	3822	78	5.00	169	0.86	1454
2017-05-05	1906	1920	3823	87	4.98	169	0.80	1346
2017-05-06	1907	1920	3822	88	4.90	169	0.78	1312
2017-05-07	1907	1920	3823	77	4.68	169	0.80	1350
2017-05-08	1905	1920	3822	83	4.70	132	0.70	927
2017-05-09	1907	1919	3824	80	4.69	121	0.73	878
2017-05-10	1908	1920	3825	48	4.24	121	0.86	1039
2017-05-11	1906	1920	3822	72	3.88	121	0.83	1002
2017-05-12	1908	1921	3825	89	5.20	121	0.72	874
2017-05-13	1906	1919	3825	67	4.97	135	0.76	1036
2017-05-14	1907	1920	3824	70	4.65	145	0.81	1170
2017-05-15	1914	1920	3831	80	4.94	145	0.82	1182
2017-05-16	1910	1920	3825	41	3.98	142	1.03	1456
2017-05-17	1905	1923	3825	68	4.61	145	0.96	1388
2017-05-18	1907	1925	3828	79	4.88	145	0.85	1222
2017-05-19	1905	1920	3821	74	4.75	145	0.86	1248
2017-05-20	1907	1920	3824	88	4.87	145	0.78	1126
2017-05-21	1907	1921	3824	85	4.76	145	0.75	1087
2017-05-22	1905	1921	3823	79	4.62	136	0.71	969
2017-05-23	1906	1919	3824	78	4.68	132	0.72	950
2017-05-24	1790	1807	3593	85	4.83	124	0.71	877
2017-05-25	1786	1802	3583	78	4.71	121	0.74	897
2017-05-26	1784	1799	3580	85	4.73	121	0.69	834
2017-05-27	1785	1799	3579	82	4.61	121	0.72	865
2017-05-28	1786	1800	3581	72	4.48	121	0.74	897
2017-05-29	1674	1674	3350	82	4.58	121	0.72	868
2017-05-30	1669	1680	3348	80	4.61	113	0.72	817
2017-05-31	1665	1683	3347	66	4.50	121	0.77	934
2017-06-01	1666	1683	3348	83	4.64	121	0.73	886
2017-06-02	1666	1681	3346	83	4.69	121	0.71	857
2017-06-03	1666	1680	3346	79	4.65	121	0.73	876
2017-06-04	1667	1679	3345	74	4.57	121	0.72	865
2017-06-05	1915	1680	3592	82	4.56	121	0.70	850
2017-06-06	1688	1680	3367	74	4.50	121	0.79	950
2017-06-07	1682	1681	3362	34	3.90	121	0.97	1165
2017-06-08	1675	1684	3358	60	4.26	121	1.09	1319
2017-06-09	1675	1679	3354	49	4.42	121	1.02	1232
2017-06-10	1688	1679	3367	74	4.57	121	0.94	1132
2017-06-11	1686	1682	3368	66	4.61	121	0.82	993
2017-06-12	1731	1682	3411	58	4.17	121	0.93	1127
2017-06-13	1667	1681	3348	81	4.59	115	0.81	932
2017-06-14	1666	1680	3345	84	4.68	120	0.76	914
2017-06-15	1666	1680	3345	75	4.58	121	0.79	953
2017-06-16	1665	1681	3346	76	4.60	121	0.78	936
2017-06-17	1667	1680	3347	85	4.68	121	0.73	881
2017-06-18	1666	1680	3344	70	4.49	121	0.81	979
2017-06-19	1914	1680	3592	82	4.50	121	0.74	891
2017-06-20	1696	1680	3375	77	4.57	129	0.79	1022
2017-06-21	1693	1682	3376	64	4.45	133	0.85	1122
2017-06-22	1690	1680	3369	88	4.57	133	0.74	987
2017-06-23	1692	1680	3371	88	4.57	133	0.72	955
2017-06-24	1701	1682	3382	69	4.42	133	0.82	1086
2017-06-25	1704	1680	3383	92	4.59	133	0.71	948
2017-06-26	1847	1683	3529	92	4.54	133	0.66	876
2017-06-27	1676	1680	3355	79	4.52	133	0.73	963
2017-06-28	1666	1679	3344	84	4.60	133	0.67	886
2017-06-29	1672	1685	3345	58	4.33	133	0.80	1064
2017-06-30	1665	1681	3345	32	3.60	133	1.06	1405
2017-07-01	1667	1683	3348	74	4.33	133	0.82	1084
2017-07-02	1666	1680	3346	93	4.57	133	0.71	936
2017-07-03	1912	1679	3589	45	3.96	133	0.94	1246
2017-07-04	1740	1679	3418	82	4.37	133	0.83	1105
2017-07-05	1687	1680	3366	89	4.51	133	0.75	994
2017-07-06	1694	1680	3373	86	4.52	133	0.76	1002
2017-07-07	1693	1680	3373	96	4.52	133	0.70	928
2017-07-08	1690	1680	3370	100	4.50	133	0.67	889
2017-07-09	1688	1680	3369	88	4.37	133	0.69	916
2017-07-10	1881	1680	3556	105	4.33	133	0.57	759
2017-07-11	1665	1680	3344	88	4.37	133	0.64	856
2017-07-12	1665	1681	3345	88	4.39	133	0.64	856
2017-07-13	1666	1680	3344	101	4.45	133	0.60	793
2017-07-14	1666	1680	3345	101	4.43	133	0.60	791
2017-07-15	1664	1680	3345	92	4.39	133	0.63	831
2017-07-16	1666	1679	3344	87	4.34	133	0.64	856
2017-07-17	1846	1679	3525	103	4.37	133	0.60	799
2017-07-18	1704	1680	3383	92	4.28	133	0.65	859
2017-07-19	1690	1680	3371	103	4.31	133	0.59	782
2017-07-20	1709	1680	3388	97	4.27	133	0.60	794
2017-07-21	1713	1681	3394	93	4.13	133	0.62	818
2017-07-22	1704	1680	3384	92	4.01	133	0.59	789
2017-07-23	1682	1681	3362	35	3.32	133	1.05	1391
2017-07-24	1869	1680	3546	92	3.81	133	0.64	854
2017-07-25	1672	1680	3351	51	3.76	133	0.84	1117
2017-07-26	1665	1680	3345	90	4.08	133	0.68	908
2017-07-27	1672	1679	3350	82	4.16	133	0.70	930
2017-07-28	1681	1680	3361	101	4.26	133	0.61	815
2017-07-29	1669	1680	3347	70	4.03	133	0.70	934
2017-07-30	1666	1681	3346	37	3.54	133	0.96	1279
2017-07-31	1917	1679	3593	66	3.95	133	0.86	1135
2017-08-01	1918	1680	3595	104	4.24	133	0.64	847
2017-08-02	1918	1681	3594	92	4.22	133	0.66	879
2017-08-03	1743	1692	3434	26	3.35	133	1.26	1666
2017-08-04	1669	1682	3349	35	3.49	133	1.27	1686
2017-08-05	1679	1680	3359	65	4.04	133	0.94	1248
2017-08-06	1688	1679	3367	88	3.91	133	0.73	974
2017-08-07	1759	1681	3438	91	3.45	133	0.66	874
2017-08-08	1665	1678	3343	62	3.32	133	0.76	1013
2017-08-09	1667	1681	3346	72	3.26	132	0.79	1047
2017-08-10	1667	1680	3347	90	3.53	109	0.66	724
2017-08-11	1667	1681	3346	83	3.79	109	0.70	759
2017-08-12	1666	1681	3346	73	3.72	109	0.71	776
2017-08-13	1667	1680	3346	88	4.07	109	0.68	738
2017-08-14	1983	1679	3661	89	3.90	109	0.66	723
2017-08-15	1986	1680	3664	56	3.75	109	0.66	722
2017-08-16	1757	1680	3437	76	3.19	109	0.10	106
2017-08-17	1694	1681	3371	51	3.80	109	1.03	1123
2017-08-18	1896	1681	3575	42	3.58	109	0.97	1058
2017-08-19	1741	1680	3420	55	3.73	109	1.19	1294
2017-08-20	1665	1682	3345	66	4.21	109	0.97	1049
2017-08-21	1881	1680	3558	91	4.35	109	0.76	826
2017-08-22	1742	1680	3420	89	4.21	108	0.76	825
2017-08-23	1665	1680	3346	78	4.05	109	0.80	875
2017-08-24	1666	1679	3344	88	4.32	109	0.74	808
2017-08-25	1666	1680	3344	90	4.42	109	0.73	796
2017-08-26	1671	1682	3346	81	4.47	109	0.77	840
2017-08-27	1672	1679	3351	90	4.47	109	0.75	810
2017-08-28	1761	1680	3440	93	4.41	109	0.75	813
2017-08-29	1711	1680	3390	82	4.38	109	0.77	841
2017-08-30	1696	1682	3378	51	4.06	109	0.95	1032
2017-08-31	1698	1682	3379	71	4.20	109	0.94	1026
2017-09-01	1717	1681	3396	80	4.39	109	0.83	898
2017-09-02	1716	1679	3396	95	4.43	109	0.76	829
2017-09-03	1715	1680	3394	93	4.22	109	0.75	819
2017-09-04	1794	1679	3470	86	4.07	109	0.74	808
2017-09-05	1666	1680	3344	87	4.01	109	0.72	783
2017-09-06	1667	1686	3352	36	3.32	109	1.15	1255
2017-09-07	1587	1562	3149	68	3.86	109	0.93	1014
2017-09-08	1701	1682	3382	59	3.81	109	0.96	1044
2017-09-09	1709	1680	3389	53	3.64	109	1.02	1105
2017-09-10	1716	1681	3395	71	3.87	109	0.91	990
2017-09-11	1845	1679	3523	76	3.82	109	0.81	882
2017-09-12	1495	1462	2957	75	4.30	92	0.86	788
2017-09-13	1699	1679	100003377	653126	3.46	109	1.30	1415
2017-09-14	1694	100001681	3375	34	3.50	109	1.55	1680
2017-09-15	1684	1679	3363	40	3.97	109	1.36	1474
2017-09-16	1671	1681	3349	42	4.32	109	1.39	1511
2017-09-17	1670	1681	3350	50	4.49	109	1.33	1441
2017-09-18	1869	1680	3547	73	4.74	109	0.96	1040
2017-09-19	1675	1679	3353	72	4.81	109	0.89	969
2017-09-20	1667	1681	3347	64	4.73	109	0.93	1007
2017-09-21	1666	1683	3347	81	4.84	109	0.81	882
2017-09-22	1665	1680	3344	77	4.75	109	0.81	881
2017-09-23	1665	1681	3346	86	4.77	109	0.76	828
2017-09-24	1665	1680	3344	85	4.70	109	0.75	816
2017-09-25	1717	1681	3398	73	4.56	109	0.81	878
2017-09-26	1710	1680	3389	86	4.68	109	0.75	810
2017-09-27	1712	1641	3350	85	4.75	106	0.72	758
2017-09-28	1763	1679	3442	59	4.49	109	0.87	942
2017-09-29	1767	1680	3445	85	4.79	109	0.80	868
2017-09-30	1756	1679	3434	89	4.80	109	0.76	826
2017-10-01	1771	1680	3450	78	4.67	109	0.79	859
2017-10-02	1669	1680	3349	32	3.72	117	1.17	1369
2017-10-03	1666	1680	3346	51	4.25	115	1.11	1277
2017-10-04	1669	1682	3350	34	4.29	109	1.19	1296
2017-10-05	1667	1680	3346	33	3.79	109	1.40	1525
2017-10-06	1667	1680	3345	63	4.71	109	1.07	1161
2017-10-07	1665	1679	3344	40	4.20	109	1.18	1287
2017-10-08	1667	1680	3346	54	4.53	109	1.12	1216
2017-10-09	1697	1680	3376	76	4.82	109	0.87	947
2017-10-10	1665	1681	3344	56	4.67	109	1.00	1083
2017-10-11	1666	1680	3346	56	4.77	109	0.98	1061
2017-10-12	1666	1682	3347	31	3.05	109	1.24	1350
2017-10-13	1666	1679	3345	54	4.67	109	1.11	1202
2017-10-14	1666	1681	3345	72	4.96	109	0.92	999
2017-10-15	1664	1680	3344	72	4.91	109	0.89	965
2017-10-16	1810	1683	3491	69	4.83	109	0.88	963
2017-10-17	1771	1681	3451	80	4.90	118	0.80	943
2017-10-18	1751	1681	3431	52	4.62	121	0.89	1072
2017-10-19	1784	1682	3460	63	4.49	120	0.98	1185
2017-10-20	1788	1681	3465	61	4.61	121	0.88	1058
2017-10-21	1799	1680	3477	69	4.57	121	0.88	1056
2017-10-22	1802	1683	3485	41	4.39	121	0.88	1062
2017-10-23	1669	1680	3346	37	3.37	122	1.12	1367
2017-10-24	1711	1679	3389	41	4.00	121	1.12	1346
2017-10-25	1429	1833	3259	35	3.64	121	1.01	1225
2017-10-26	1672	1850	3520	60	4.50	121	0.76	916
2017-10-27	1891	1843	3734	70	4.74	121	0.66	794
2017-10-28	1972	1923	3893	62	4.69	126	0.70	881
2017-10-29	1895	1850	3744	38	3.90	121	0.79	953
2017-10-30	1894	1865	3760	62	4.60	120	0.71	854
2017-10-31	1873	1854	3725	70	4.71	118	0.68	799
2017-11-01	1893	1860	3745	73	4.75	121	0.68	814
2017-11-02	1928	1855	3780	73	4.84	120	0.67	803
2017-11-03	1890	1848	3737	70	4.78	121	0.66	806
2017-11-04	1891	1852	3739	80	4.75	121	0.61	739
2017-11-05	1888	1849	3737	78	4.51	121	0.62	746
2017-11-06	1604	1780	3374	66	4.38	121	0.70	840
2017-11-07	1900	1851	3750	80	4.27	120	0.62	741
2017-11-08	1817	1858	3670	601	4.62	121	0.62	747
2017-11-09	156	154	310	816	0.39	10	0.59	57
